-9.800000 -9.800000 0.100000 -0.004208
-9.400000 -9.800000 0.100000 -0.003728
-9.000000 -9.800000 0.100000 -0.003137
-8.600000 -9.800000 0.100000 -0.002419
-8.200000 -9.800000 0.100000 -0.001560
-7.800000 -9.800000 0.100000 -0.000545
-7.400000 -9.800000 0.100000 0.000641
-7.000000 -9.800000 0.100000 0.002010
-6.600000 -9.800000 0.100000 0.003575
-6.200000 -9.800000 0.100000 0.005344
-5.800000 -9.800000 0.100000 0.007322
-5.400000 -9.800000 0.100000 0.009507
-5.000000 -9.800000 0.100000 0.011892
-4.600000 -9.800000 0.100000 0.014462
-4.200000 -9.800000 0.100000 0.017192
-3.800000 -9.800000 0.100000 0.020046
-3.400000 -9.800000 0.100000 0.022981
-3.000000 -9.800000 0.100000 0.025940
-2.600000 -9.800000 0.100000 0.028861
-2.200000 -9.800000 0.100000 0.031673
-1.800000 -9.800000 0.100000 0.034301
-1.400000 -9.800000 0.100000 0.036671
-1.000000 -9.800000 0.100000 0.038713
-0.600000 -9.800000 0.100000 0.040362
-0.200000 -9.800000 0.100000 0.041569
0.200000 -9.800000 0.100000 0.042299
0.600000 -9.800000 0.100000 0.042535
1.000000 -9.800000 0.100000 0.042277
1.400000 -9.800000 0.100000 0.041545
1.800000 -9.800000 0.100000 0.040376
2.200000 -9.800000 0.100000 0.038819
2.600000 -9.800000 0.100000 0.036933
3.000000 -9.800000 0.100000 0.034785
3.400000 -9.800000 0.100000 0.032442
3.800000 -9.800000 0.100000 0.029970
4.200000 -9.800000 0.100000 0.027432
4.600000 -9.800000 0.100000 0.024884
5.000000 -9.800000 0.100000 0.022373
5.400000 -9.800000 0.100000 0.019939
5.800000 -9.800000 0.100000 0.017614
6.200000 -9.800000 0.100000 0.015421
6.600000 -9.800000 0.100000 0.013373
7.000000 -9.800000 0.100000 0.011482
7.400000 -9.800000 0.100000 0.009751
7.800000 -9.800000 0.100000 0.008178
8.200000 -9.800000 0.100000 0.006760
8.600000 -9.800000 0.100000 0.005491
9.000000 -9.800000 0.100000 0.004361
9.400000 -9.800000 0.100000 0.003362
9.800000 -9.800000 0.100000 0.002483
-9.800000 -9.400000 0.100000 -0.004953
-9.400000 -9.400000 0.100000 -0.004480
-9.000000 -9.400000 0.100000 -0.003882
-8.600000 -9.400000 0.100000 -0.003143
-8.200000 -9.400000 0.100000 -0.002245
-7.800000 -9.400000 0.100000 -0.001167
-7.400000 -9.400000 0.100000 0.000108
-7.000000 -9.400000 0.100000 0.001599
-6.600000 -9.400000 0.100000 0.003324
-6.200000 -9.400000 0.100000 0.005294
-5.800000 -9.400000 0.100000 0.007520
-5.400000 -9.400000 0.100000 0.010005
-5.000000 -9.400000 0.100000 0.012744
-4.600000 -9.400000 0.100000 0.015721
-4.200000 -9.400000 0.100000 0.018911
-3.800000 -9.400000 0.100000 0.022275
-3.400000 -9.400000 0.100000 0.025758
-3.000000 -9.400000 0.100000 0.029296
-2.600000 -9.400000 0.100000 0.032808
-2.200000 -9.400000 0.100000 0.036205
-1.800000 -9.400000 0.100000 0.039394
-1.400000 -9.400000 0.100000 0.042276
-1.000000 -9.400000 0.100000 0.044759
-0.600000 -9.400000 0.100000 0.046762
-0.200000 -9.400000 0.100000 0.048217
0.200000 -9.400000 0.100000 0.049078
0.600000 -9.400000 0.100000 0.049324
1.000000 -9.400000 0.100000 0.048958
1.400000 -9.400000 0.100000 0.048006
1.800000 -9.400000 0.100000 0.046518
2.200000 -9.400000 0.100000 0.044561
2.600000 -9.400000 0.100000 0.042212
3.000000 -9.400000 0.100000 0.039560
3.400000 -9.400000 0.100000 0.036691
3.800000 -9.400000 0.100000 0.033689
4.200000 -9.400000 0.100000 0.030633
4.600000 -9.400000 0.100000 0.027590
5.000000 -9.400000 0.100000 0.024619
5.400000 -9.400000 0.100000 0.021764
5.800000 -9.400000 0.100000 0.019061
6.200000 -9.400000 0.100000 0.016533
6.600000 -9.400000 0.100000 0.014196
7.000000 -9.400000 0.100000 0.012056
7.400000 -9.400000 0.100000 0.010115
7.800000 -9.400000 0.100000 0.008368
8.200000 -9.400000 0.100000 0.006807
8.600000 -9.400000 0.100000 0.005422
9.000000 -9.400000 0.100000 0.004201
9.400000 -9.400000 0.100000 0.003131
9.800000 -9.400000 0.100000 0.002199
-9.800000 -9.000000 0.100000 -0.005800
-9.400000 -9.000000 0.100000 -0.005341
-9.000000 -9.000000 0.100000 -0.004747
-8.600000 -9.000000 0.100000 -0.003996
-8.200000 -9.000000 0.100000 -0.003065
-7.800000 -9.000000 0.100000 -0.001929
-7.400000 -9.000000 0.100000 -0.000566
-7.000000 -9.000000 0.100000 0.001051
-6.600000 -9.000000 0.100000 0.002945
-6.200000 -9.000000 0.100000 0.005136
-5.800000 -9.000000 0.100000 0.007639
-5.400000 -9.000000 0.100000 0.010465
-5.000000 -9.000000 0.100000 0.013612
-4.600000 -9.000000 0.100000 0.017069
-4.200000 -9.000000 0.100000 0.020807
-3.800000 -9.000000 0.100000 0.024785
-3.400000 -9.000000 0.100000 0.028939
-3.000000 -9.000000 0.100000 0.033189
-2.600000 -9.000000 0.100000 0.037438
-2.200000 -9.000000 0.100000 0.041572
-1.800000 -9.000000 0.100000 0.045468
-1.400000 -9.000000 0.100000 0.049001
-1.000000 -9.000000 0.100000 0.052047
-0.600000 -9.000000 0.100000 0.054499
-0.200000 -9.000000 0.100000 0.056267
0.200000 -9.000000 0.100000 0.057291
0.600000 -9.000000 0.100000 0.057542
1.000000 -9.000000 0.100000 0.057025
1.400000 -9.000000 0.100000 0.055780
1.800000 -9.000000 0.100000 0.053873
2.200000 -9.000000 0.100000 0.051395
2.600000 -9.000000 0.100000 0.048452
3.000000 -9.000000 0.100000 0.045157
3.400000 -9.000000 0.100000 0.041625
3.800000 -9.000000 0.100000 0.037963
4.200000 -9.000000 0.100000 0.034268
4.600000 -9.000000 0.100000 0.030624
5.000000 -9.000000 0.100000 0.027098
5.400000 -9.000000 0.100000 0.023744
5.800000 -9.000000 0.100000 0.020598
6.200000 -9.000000 0.100000 0.017684
6.600000 -9.000000 0.100000 0.015017
7.000000 -9.000000 0.100000 0.012598
7.400000 -9.000000 0.100000 0.010425
7.800000 -9.000000 0.100000 0.008489
8.200000 -9.000000 0.100000 0.006776
8.600000 -9.000000 0.100000 0.005271
9.000000 -9.000000 0.100000 0.003957
9.400000 -9.000000 0.100000 0.002817
9.800000 -9.000000 0.100000 0.001835
-9.800000 -8.600000 0.100000 -0.006757
-9.400000 -8.600000 0.100000 -0.006326
-9.000000 -8.600000 0.100000 -0.005747
-8.600000 -8.600000 0.100000 -0.004995
-8.200000 -8.600000 0.100000 -0.004042
-7.800000 -8.600000 0.100000 -0.002857
-7.400000 -8.600000 0.100000 -0.001409
-7.000000 -8.600000 0.100000 0.000334
-6.600000 -8.600000 0.100000 0.002405
-6.200000 -8.600000 0.100000 0.004834
-5.800000 -8.600000 0.100000 0.007645
-5.400000 -8.600000 0.100000 0.010857
-5.000000 -8.600000 0.100000 0.014475
-4.600000 -8.600000 0.100000 0.018494
-4.200000 -8.600000 0.100000 0.022887
-3.800000 -8.600000 0.100000 0.027608
-3.400000 -8.600000 0.100000 0.032584
-3.000000 -8.600000 0.100000 0.037720
-2.600000 -8.600000 0.100000 0.042892
-2.200000 -8.600000 0.100000 0.047957
-1.800000 -8.600000 0.100000 0.052756
-1.400000 -8.600000 0.100000 0.057122
-1.000000 -8.600000 0.100000 0.060893
-0.600000 -8.600000 0.100000 0.063922
-0.200000 -8.600000 0.100000 0.066090
0.200000 -8.600000 0.100000 0.067315
0.600000 -8.600000 0.100000 0.067560
1.000000 -8.600000 0.100000 0.066835
1.400000 -8.600000 0.100000 0.065195
1.800000 -8.600000 0.100000 0.062733
2.200000 -8.600000 0.100000 0.059574
2.600000 -8.600000 0.100000 0.055859
3.000000 -8.600000 0.100000 0.051742
3.400000 -8.600000 0.100000 0.047369
3.800000 -8.600000 0.100000 0.042880
4.200000 -8.600000 0.100000 0.038395
4.600000 -8.600000 0.100000 0.034017
5.000000 -8.600000 0.100000 0.029824
5.400000 -8.600000 0.100000 0.025876
5.800000 -8.600000 0.100000 0.022213
6.200000 -8.600000 0.100000 0.018855
6.600000 -8.600000 0.100000 0.015813
7.000000 -8.600000 0.100000 0.013085
7.400000 -8.600000 0.100000 0.010659
7.800000 -8.600000 0.100000 0.008519
8.200000 -8.600000 0.100000 0.006647
8.600000 -8.600000 0.100000 0.005019
9.000000 -8.600000 0.100000 0.003614
9.400000 -8.600000 0.100000 0.002407
9.800000 -8.600000 0.100000 0.001379
-9.800000 -8.200000 0.100000 -0.007835
-9.400000 -8.200000 0.100000 -0.007447
-9.000000 -8.200000 0.100000 -0.006899
-8.600000 -8.200000 0.100000 -0.006162
-8.200000 -8.200000 0.100000 -0.005201
-7.800000 -8.200000 0.100000 -0.003979
-7.400000 -8.200000 0.100000 -0.002456
-7.000000 -8.200000 0.100000 -0.000590
-6.600000 -8.200000 0.100000 0.001664
-6.200000 -8.200000 0.100000 0.004346
-5.800000 -8.200000 0.100000 0.007494
-5.400000 -8.200000 0.100000 0.011140
-5.000000 -8.200000 0.100000 0.015301
-4.600000 -8.200000 0.100000 0.019979
-4.200000 -8.200000 0.100000 0.025153
-3.800000 -8.200000 0.100000 0.030775
-3.400000 -8.200000 0.100000 0.036764
-3.000000 -8.200000 0.100000 0.043002
-2.600000 -8.200000 0.100000 0.049340
-2.200000 -8.200000 0.100000 0.055593
-1.800000 -8.200000 0.100000 0.061553
-1.400000 -8.200000 0.100000 0.066998
-1.000000 -8.200000 0.100000 0.071710
-0.600000 -8.200000 0.100000 0.075489
-0.200000 -8.200000 0.100000 0.078173
0.200000 -8.200000 0.100000 0.079651
0.600000 -8.200000 0.100000 0.079873
1.000000 -8.200000 0.100000 0.078857
1.400000 -8.200000 0.100000 0.076681
1.800000 -8.200000 0.100000 0.073476
2.200000 -8.200000 0.100000 0.069416
2.600000 -8.200000 0.100000 0.064695
3.000000 -8.200000 0.100000 0.059514
3.400000 -8.200000 0.100000 0.054071
3.800000 -8.200000 0.100000 0.048541
4.200000 -8.200000 0.100000 0.043077
4.600000 -8.200000 0.100000 0.037801
5.000000 -8.200000 0.100000 0.032805
5.400000 -8.200000 0.100000 0.028154
5.800000 -8.200000 0.100000 0.023887
6.200000 -8.200000 0.100000 0.020021
6.600000 -8.200000 0.100000 0.016557
7.000000 -8.200000 0.100000 0.013486
7.400000 -8.200000 0.100000 0.010786
7.800000 -8.200000 0.100000 0.008432
8.200000 -8.200000 0.100000 0.006395
8.600000 -8.200000 0.100000 0.004645
9.000000 -8.200000 0.100000 0.003151
9.400000 -8.200000 0.100000 0.001884
9.800000 -8.200000 0.100000 0.000817
-9.800000 -7.800000 0.100000 -0.009045
-9.400000 -7.800000 0.100000 -0.008717
-9.000000 -7.800000 0.100000 -0.008220
-8.600000 -7.800000 0.100000 -0.007517
-8.200000 -7.800000 0.100000 -0.006568
-7.800000 -7.800000 0.100000 -0.005328
-7.400000 -7.800000 0.100000 -0.003745
-7.000000 -7.800000 0.100000 -0.001765
-6.600000 -7.800000 0.100000 0.000669
-6.200000 -7.800000 0.100000 0.003616
-5.800000 -7.800000 0.100000 0.007130
-5.400000 -7.800000 0.100000 0.011259
-5.000000 -7.800000 0.100000 0.016041
-4.600000 -7.800000 0.100000 0.021490
-4.200000 -7.800000 0.100000 0.027596
-3.800000 -7.800000 0.100000 0.034312
-3.400000 -7.800000 0.100000 0.041551
-3.000000 -7.800000 0.100000 0.049173
-2.600000 -7.800000 0.100000 0.056992
-2.200000 -7.800000 0.100000 0.064772
-1.800000 -7.800000 0.100000 0.072239
-1.400000 -7.800000 0.100000 0.079095
-1.000000 -7.800000 0.100000 0.085044
-0.600000 -7.800000 0.100000 0.089809
-0.200000 -7.800000 0.100000 0.093166
0.200000 -7.800000 0.100000 0.094964
0.600000 -7.800000 0.100000 0.095135
1.000000 -7.800000 0.100000 0.093707
1.400000 -7.800000 0.100000 0.090796
1.800000 -7.800000 0.100000 0.086590
2.200000 -7.800000 0.100000 0.081328
2.600000 -7.800000 0.100000 0.075280
3.000000 -7.800000 0.100000 0.068719
3.400000 -7.800000 0.100000 0.061903
3.800000 -7.800000 0.100000 0.055059
4.200000 -7.800000 0.100000 0.048377
4.600000 -7.800000 0.100000 0.042002
5.000000 -7.800000 0.100000 0.036041
5.400000 -7.800000 0.100000 0.030558
5.800000 -7.800000 0.100000 0.025589
6.200000 -7.800000 0.100000 0.021143
6.600000 -7.800000 0.100000 0.017210
7.000000 -7.800000 0.100000 0.013764
7.400000 -7.800000 0.100000 0.010772
7.800000 -7.800000 0.100000 0.008195
8.200000 -7.800000 0.100000 0.005993
8.600000 -7.800000 0.100000 0.004124
9.000000 -7.800000 0.100000 0.002549
9.400000 -7.800000 0.100000 0.001231
9.800000 -7.800000 0.100000 0.000136
-9.800000 -7.400000 0.100000 -0.010395
-9.400000 -7.400000 0.100000 -0.010150
-9.000000 -7.400000 0.100000 -0.009727
-8.600000 -7.400000 0.100000 -0.009084
-8.200000 -7.400000 0.100000 -0.008173
-7.800000 -7.400000 0.100000 -0.006938
-7.400000 -7.400000 0.100000 -0.005318
-7.000000 -7.400000 0.100000 -0.003243
-6.600000 -7.400000 0.100000 -0.000637
-6.200000 -7.400000 0.100000 0.002578
-5.800000 -7.400000 0.100000 0.006480
-5.400000 -7.400000 0.100000 0.011144
-5.000000 -7.400000 0.100000 0.016629
-4.600000 -7.400000 0.100000 0.022975
-4.200000 -7.400000 0.100000 0.030190
-3.800000 -7.400000 0.100000 0.038238
-3.400000 -7.400000 0.100000 0.047024
-3.000000 -7.400000 0.100000 0.056389
-2.600000 -7.400000 0.100000 0.066102
-2.200000 -7.400000 0.100000 0.075861
-1.800000 -7.400000 0.100000 0.085302
-1.400000 -7.400000 0.100000 0.094025
-1.000000 -7.400000 0.100000 0.101617
-0.600000 -7.400000 0.100000 0.107695
-0.200000 -7.400000 0.100000 0.111944
0.200000 -7.400000 0.100000 0.114150
0.600000 -7.400000 0.100000 0.114224
1.000000 -7.400000 0.100000 0.112211
1.400000 -7.400000 0.100000 0.108281
1.800000 -7.400000 0.100000 0.102706
2.200000 -7.400000 0.100000 0.095827
2.600000 -7.400000 0.100000 0.088018
3.000000 -7.400000 0.100000 0.079651
3.400000 -7.400000 0.100000 0.071066
3.800000 -7.400000 0.100000 0.062557
4.200000 -7.400000 0.100000 0.054357
4.600000 -7.400000 0.100000 0.046638
5.000000 -7.400000 0.100000 0.039515
5.400000 -7.400000 0.100000 0.033053
5.800000 -7.400000 0.100000 0.027275
6.200000 -7.400000 0.100000 0.022174
6.600000 -7.400000 0.100000 0.017720
7.000000 -7.400000 0.100000 0.013871
7.400000 -7.400000 0.100000 0.010573
7.800000 -7.400000 0.100000 0.007770
8.200000 -7.400000 0.100000 0.005406
8.600000 -7.400000 0.100000 0.003428
9.000000 -7.400000 0.100000 0.001784
9.400000 -7.400000 0.100000 0.000428
9.800000 -7.400000 0.100000 -0.000680
-9.800000 -7.000000 0.100000 -0.011895
-9.400000 -7.000000 0.100000 -0.011758
-9.000000 -7.000000 0.100000 -0.011437
-8.600000 -7.000000 0.100000 -0.010885
-8.200000 -7.000000 0.100000 -0.010044
-7.800000 -7.000000 0.100000 -0.008850
-7.400000 -7.000000 0.100000 -0.007225
-7.000000 -7.000000 0.100000 -0.005083
-6.600000 -7.000000 0.100000 -0.002326
-6.200000 -7.000000 0.100000 0.001150
-5.800000 -7.000000 0.100000 0.005455
-5.400000 -7.000000 0.100000 0.010697
-5.000000 -7.000000 0.100000 0.016972
-4.600000 -7.000000 0.100000 0.024356
-4.200000 -7.000000 0.100000 0.032887
-3.800000 -7.000000 0.100000 0.042551
-3.400000 -7.000000 0.100000 0.053257
-3.000000 -7.000000 0.100000 0.064826
-2.600000 -7.000000 0.100000 0.076977
-2.200000 -7.000000 0.100000 0.089322
-1.800000 -7.000000 0.100000 0.101378
-1.400000 -7.000000 0.100000 0.112596
-1.000000 -7.000000 0.100000 0.122401
-0.600000 -7.000000 0.100000 0.130251
-0.200000 -7.000000 0.100000 0.135695
0.200000 -7.000000 0.100000 0.138429
0.600000 -7.000000 0.100000 0.138332
1.000000 -7.000000 0.100000 0.135476
1.400000 -7.000000 0.100000 0.130118
1.800000 -7.000000 0.100000 0.122655
2.200000 -7.000000 0.100000 0.113578
2.600000 -7.000000 0.100000 0.103411
3.000000 -7.000000 0.100000 0.092663
3.400000 -7.000000 0.100000 0.081789
3.800000 -7.000000 0.100000 0.071162
4.200000 -7.000000 0.100000 0.061069
4.600000 -7.000000 0.100000 0.051707
5.000000 -7.000000 0.100000 0.043194
5.400000 -7.000000 0.100000 0.035584
5.800000 -7.000000 0.100000 0.028878
6.200000 -7.000000 0.100000 0.023045
6.600000 -7.000000 0.100000 0.018025
7.000000 -7.000000 0.100000 0.013748
7.400000 -7.000000 0.100000 0.010137
7.800000 -7.000000 0.100000 0.007112
8.200000 -7.000000 0.100000 0.004599
8.600000 -7.000000 0.100000 0.002526
9.000000 -7.000000 0.100000 0.000831
9.400000 -7.000000 0.100000 -0.000543
9.800000 -7.000000 0.100000 -0.001647
-9.800000 -6.600000 0.100000 -0.013551
-9.400000 -6.600000 0.100000 -0.013551
-9.000000 -6.600000 0.100000 -0.013366
-8.600000 -6.600000 0.100000 -0.012942
-8.200000 -6.600000 0.100000 -0.012214
-7.800000 -6.600000 0.100000 -0.011104
-7.400000 -6.600000 0.100000 -0.009519
-7.000000 -6.600000 0.100000 -0.007352
-6.600000 -6.600000 0.100000 -0.004480
-6.200000 -6.600000 0.100000 -0.000765
-5.800000 -6.600000 0.100000 0.003942
-5.400000 -6.600000 0.100000 0.009795
-5.000000 -6.600000 0.100000 0.016943
-4.600000 -6.600000 0.100000 0.025515
-4.200000 -6.600000 0.100000 0.035599
-3.800000 -6.600000 0.100000 0.047221
-3.400000 -6.600000 0.100000 0.060312
-3.000000 -6.600000 0.100000 0.074679
-2.600000 -6.600000 0.100000 0.089987
-2.200000 -6.600000 0.100000 0.105739
-1.800000 -6.600000 0.100000 0.121292
-1.400000 -6.600000 0.100000 0.135887
-1.000000 -6.600000 0.100000 0.148713
-0.600000 -6.600000 0.100000 0.158988
-0.200000 -6.600000 0.100000 0.166059
0.200000 -6.600000 0.100000 0.169485
0.600000 -6.600000 0.100000 0.169095
1.000000 -6.600000 0.100000 0.165012
1.400000 -6.600000 0.100000 0.157625
1.800000 -6.600000 0.100000 0.147527
2.200000 -6.600000 0.100000 0.135430
2.600000 -6.600000 0.100000 0.122079
3.000000 -6.600000 0.100000 0.108176
3.400000 -6.600000 0.100000 0.094324
3.800000 -6.600000 0.100000 0.081000
4.200000 -6.600000 0.100000 0.068547
4.600000 -6.600000 0.100000 0.057180
5.000000 -6.600000 0.100000 0.047011
5.400000 -6.600000 0.100000 0.038065
5.800000 -6.600000 0.100000 0.030309
6.200000 -6.600000 0.100000 0.023668
6.600000 -6.600000 0.100000 0.018043
7.000000 -6.600000 0.100000 0.013325
7.400000 -6.600000 0.100000 0.009404
7.800000 -6.600000 0.100000 0.006171
8.200000 -6.600000 0.100000 0.003529
8.600000 -6.600000 0.100000 0.001387
9.000000 -6.600000 0.100000 -0.000334
9.400000 -6.600000 0.100000 -0.001703
9.800000 -6.600000 0.100000 -0.002780
-9.800000 -6.200000 0.100000 -0.015366
-9.400000 -6.200000 0.100000 -0.015538
-9.000000 -6.200000 0.100000 -0.015528
-8.600000 -6.200000 0.100000 -0.015277
-8.200000 -6.200000 0.100000 -0.014711
-7.800000 -6.200000 0.100000 -0.013740
-7.400000 -6.200000 0.100000 -0.012255
-7.000000 -6.200000 0.100000 -0.010124
-6.600000 -6.200000 0.100000 -0.007193
-6.200000 -6.200000 0.100000 -0.003285
-5.800000 -6.200000 0.100000 0.001802
-5.400000 -6.200000 0.100000 0.008281
-5.000000 -6.200000 0.100000 0.016372
-4.600000 -6.200000 0.100000 0.026284
-4.200000 -6.200000 0.100000 0.038185
-3.800000 -6.200000 0.100000 0.052171
-3.400000 -6.200000 0.100000 0.068219
-3.000000 -6.200000 0.100000 0.086146
-2.600000 -6.200000 0.100000 0.105561
-2.200000 -6.200000 0.100000 0.125839
-1.800000 -6.200000 0.100000 0.146118
-1.400000 -6.200000 0.100000 0.165343
-1.000000 -6.200000 0.100000 0.182350
-0.600000 -6.200000 0.100000 0.195998
-0.200000 -6.200000 0.100000 0.205320
0.200000 -6.200000 0.100000 0.209661
0.600000 -6.200000 0.100000 0.208783
1.000000 -6.200000 0.100000 0.202890
1.400000 -6.200000 0.100000 0.192583
1.800000 -6.200000 0.100000 0.178760
2.200000 -6.200000 0.100000 0.162472
2.600000 -6.200000 0.100000 0.144787
3.000000 -6.200000 0.100000 0.126675
3.400000 -6.200000 0.100000 0.108938
3.800000 -6.200000 0.100000 0.092175
4.200000 -6.200000 0.100000 0.076783
4.600000 -6.200000 0.100000 0.062984
5.000000 -6.200000 0.100000 0.050856
5.400000 -6.200000 0.100000 0.040375
5.800000 -6.200000 0.100000 0.031446
6.200000 -6.200000 0.100000 0.023931
6.600000 -6.200000 0.100000 0.017675
7.000000 -6.200000 0.100000 0.012518
7.400000 -6.200000 0.100000 0.008305
7.800000 -6.200000 0.100000 0.004892
8.200000 -6.200000 0.100000 0.002153
8.600000 -6.200000 0.100000 -0.000025
9.000000 -6.200000 0.100000 -0.001739
9.400000 -6.200000 0.100000 -0.003072
9.800000 -6.200000 0.100000 -0.004093
-9.800000 -5.800000 0.100000 -0.017343
-9.400000 -5.800000 0.100000 -0.017723
-9.000000 -5.800000 0.100000 -0.017931
-8.600000 -5.800000 0.100000 -0.017905
-8.200000 -5.800000 0.100000 -0.017562
-7.800000 -5.800000 0.100000 -0.016800
-7.400000 -5.800000 0.100000 -0.015490
-7.000000 -5.800000 0.100000 -0.013477
-6.600000 -5.800000 0.100000 -0.010569
-6.200000 -5.800000 0.100000 -0.006542
-5.800000 -5.800000 0.100000 -0.001132
-5.400000 -5.800000 0.100000 0.005955
-5.000000 -5.800000 0.100000 0.015036
-4.600000 -5.800000 0.100000 0.026430
-4.200000 -5.800000 0.100000 0.040427
-3.800000 -5.800000 0.100000 0.057241
-3.400000 -5.800000 0.100000 0.076947
-3.000000 -5.800000 0.100000 0.099406
-2.600000 -5.800000 0.100000 0.124190
-2.200000 -5.800000 0.100000 0.150524
-1.800000 -5.800000 0.100000 0.177256
-1.400000 -5.800000 0.100000 0.202908
-1.000000 -5.800000 0.100000 0.225791
-0.600000 -5.800000 0.100000 0.244208
-0.200000 -5.800000 0.100000 0.256697
0.200000 -5.800000 0.100000 0.262271
0.600000 -5.800000 0.100000 0.260583
1.000000 -5.800000 0.100000 0.251978
1.400000 -5.800000 0.100000 0.237409
1.800000 -5.800000 0.100000 0.218257
2.200000 -5.800000 0.100000 0.196092
2.600000 -5.800000 0.100000 0.172459
3.000000 -5.800000 0.100000 0.148706
3.400000 -5.800000 0.100000 0.125889
3.800000 -5.800000 0.100000 0.104744
4.200000 -5.800000 0.100000 0.085710
4.600000 -5.800000 0.100000 0.068980
5.000000 -5.800000 0.100000 0.054562
5.400000 -5.800000 0.100000 0.042342
5.800000 -5.800000 0.100000 0.032128
6.200000 -5.800000 0.100000 0.023693
6.600000 -5.800000 0.100000 0.016803
7.000000 -5.800000 0.100000 0.011229
7.400000 -5.800000 0.100000 0.006762
7.800000 -5.800000 0.100000 0.003215
8.200000 -5.800000 0.100000 0.000426
8.600000 -5.800000 0.100000 -0.001743
9.000000 -5.800000 0.100000 -0.003409
9.400000 -5.800000 0.100000 -0.004667
9.800000 -5.800000 0.100000 -0.005598
-9.800000 -5.400000 0.100000 -0.019476
-9.400000 -5.400000 0.100000 -0.020104
-9.000000 -5.400000 0.100000 -0.020581
-8.600000 -5.400000 0.100000 -0.020839
-8.200000 -5.400000 0.100000 -0.020789
-7.800000 -5.400000 0.100000 -0.020318
-7.400000 -5.400000 0.100000 -0.019280
-7.000000 -5.400000 0.100000 -0.017490
-6.600000 -5.400000 0.100000 -0.014719
-6.200000 -5.400000 0.100000 -0.010687
-5.800000 -5.400000 0.100000 -0.005054
-5.400000 -5.400000 0.100000 0.002574
-5.000000 -5.400000 0.100000 0.012642
-4.600000 -5.400000 0.100000 0.025627
-4.200000 -5.400000 0.100000 0.041997
-3.800000 -5.400000 0.100000 0.062157
-3.400000 -5.400000 0.100000 0.086357
-3.000000 -5.400000 0.100000 0.114575
-2.600000 -5.400000 0.100000 0.146396
-2.200000 -5.400000 0.100000 0.180884
-1.800000 -5.400000 0.100000 0.216517
-1.400000 -5.400000 0.100000 0.251210
-1.000000 -5.400000 0.100000 0.282481
-0.600000 -5.400000 0.100000 0.307759
-0.200000 -5.400000 0.100000 0.324790
0.200000 -5.400000 0.100000 0.332044
0.600000 -5.400000 0.100000 0.329013
1.000000 -5.400000 0.100000 0.316287
1.400000 -5.400000 0.100000 0.295405
1.800000 -5.400000 0.100000 0.268528
2.200000 -5.400000 0.100000 0.238038
2.600000 -5.400000 0.100000 0.206188
3.000000 -5.400000 0.100000 0.174845
3.400000 -5.400000 0.100000 0.145384
3.800000 -5.400000 0.100000 0.118676
4.200000 -5.400000 0.100000 0.095159
4.600000 -5.400000 0.100000 0.074936
5.000000 -5.400000 0.100000 0.057882
5.400000 -5.400000 0.100000 0.043731
5.800000 -5.400000 0.100000 0.032149
6.200000 -5.400000 0.100000 0.022783
6.600000 -5.400000 0.100000 0.015288
7.000000 -5.400000 0.100000 0.009350
7.400000 -5.400000 0.100000 0.004692
7.800000 -5.400000 0.100000 0.001076
8.200000 -5.400000 0.100000 -0.001700
8.600000 -5.400000 0.100000 -0.003801
9.000000 -5.400000 0.100000 -0.005365
9.400000 -5.400000 0.100000 -0.006503
9.800000 -5.400000 0.100000 -0.007304
-9.800000 -5.000000 0.100000 -0.021757
-9.400000 -5.000000 0.100000 -0.022676
-9.000000 -5.000000 0.100000 -0.023474
-8.600000 -5.000000 0.100000 -0.024081
-8.200000 -5.000000 0.100000 -0.024405
-7.800000 -5.000000 0.100000 -0.024323
-7.400000 -5.000000 0.100000 -0.023671
-7.000000 -5.000000 0.100000 -0.022239
-6.600000 -5.000000 0.100000 -0.019757
-6.200000 -5.000000 0.100000 -0.015881
-5.800000 -5.000000 0.100000 -0.010186
-5.400000 -5.000000 0.100000 -0.002154
-5.000000 -5.000000 0.100000 0.008826
-4.600000 -5.000000 0.100000 0.023442
-4.200000 -5.000000 0.100000 0.042424
-3.800000 -5.000000 0.100000 0.066470
-3.400000 -5.000000 0.100000 0.096129
-3.000000 -5.000000 0.100000 0.131630
-2.600000 -5.000000 0.100000 0.172672
-2.200000 -5.000000 0.100000 0.218195
-1.800000 -5.000000 0.100000 0.266214
-1.400000 -5.000000 0.100000 0.313789
-1.000000 -5.000000 0.100000 0.357228
-0.600000 -5.000000 0.100000 0.392562
-0.200000 -5.000000 0.100000 0.416234
0.200000 -5.000000 0.100000 0.425818
0.600000 -5.000000 0.100000 0.420548
1.000000 -5.000000 0.100000 0.401456
1.400000 -5.000000 0.100000 0.371079
1.800000 -5.000000 0.100000 0.332864
2.200000 -5.000000 0.100000 0.290473
2.600000 -5.000000 0.100000 0.247203
3.000000 -5.000000 0.100000 0.205633
3.400000 -5.000000 0.100000 0.167504
3.800000 -5.000000 0.100000 0.133782
4.200000 -5.000000 0.100000 0.104810
4.600000 -5.000000 0.100000 0.080493
5.000000 -5.000000 0.100000 0.060469
5.400000 -5.000000 0.100000 0.044238
5.800000 -5.000000 0.100000 0.031257
6.200000 -5.000000 0.100000 0.020996
6.600000 -5.000000 0.100000 0.012971
7.000000 -5.000000 0.100000 0.006762
7.400000 -5.000000 0.100000 0.002008
7.800000 -5.000000 0.100000 -0.001587
8.200000 -5.000000 0.100000 -0.004266
8.600000 -5.000000 0.100000 -0.006227
9.000000 -5.000000 0.100000 -0.007627
9.400000 -5.000000 0.100000 -0.008590
9.800000 -5.000000 0.100000 -0.009218
-9.800000 -4.600000 0.100000 -0.024171
-9.400000 -4.600000 0.100000 -0.025424
-9.000000 -4.600000 0.100000 -0.026598
-8.600000 -4.600000 0.100000 -0.027626
-8.200000 -4.600000 0.100000 -0.028412
-7.800000 -4.600000 0.100000 -0.028828
-7.400000 -4.600000 0.100000 -0.028698
-7.000000 -4.600000 0.100000 -0.027788
-6.600000 -4.600000 0.100000 -0.025787
-6.200000 -4.600000 0.100000 -0.022289
-5.800000 -4.600000 0.100000 -0.016768
-5.400000 -4.600000 0.100000 -0.008564
-5.000000 -4.600000 0.100000 0.003140
-4.600000 -4.600000 0.100000 0.019312
-4.200000 -4.600000 0.100000 0.041045
-3.800000 -4.600000 0.100000 0.069479
-3.400000 -4.600000 0.100000 0.105656
-3.000000 -4.600000 0.100000 0.150276
-2.600000 -4.600000 0.100000 0.203358
-2.200000 -4.600000 0.100000 0.263846
-1.800000 -4.600000 0.100000 0.329232
-1.400000 -4.600000 0.100000 0.395384
-1.000000 -4.600000 0.100000 0.456756
-0.600000 -4.600000 0.100000 0.507112
-0.200000 -4.600000 0.100000 0.540702
0.200000 -4.600000 0.100000 0.553570
0.600000 -4.600000 0.100000 0.544536
1.000000 -4.600000 0.100000 0.515440
1.400000 -4.600000 0.100000 0.470566
1.800000 -4.600000 0.100000 0.415513
2.200000 -4.600000 0.100000 0.355973
2.600000 -4.600000 0.100000 0.296783
3.000000 -4.600000 0.100000 0.241450
3.400000 -4.600000 0.100000 0.192087
3.800000 -4.600000 0.100000 0.149622
4.200000 -4.600000 0.100000 0.114124
4.600000 -4.600000 0.100000 0.085119
5.000000 -4.600000 0.100000 0.061854
5.400000 -4.600000 0.100000 0.043476
5.800000 -4.600000 0.100000 0.029145
6.200000 -4.600000 0.100000 0.018101
6.600000 -4.600000 0.100000 0.009684
7.000000 -4.600000 0.100000 0.003343
7.400000 -4.600000 0.100000 -0.001374
7.800000 -4.600000 0.100000 -0.004829
8.200000 -4.600000 0.100000 -0.007310
8.600000 -4.600000 0.100000 -0.009043
9.000000 -4.600000 0.100000 -0.010205
9.400000 -4.600000 0.100000 -0.010935
9.800000 -4.600000 0.100000 -0.011339
-9.800000 -4.200000 0.100000 -0.026694
-9.400000 -4.200000 0.100000 -0.028324
-9.000000 -4.200000 0.100000 -0.029931
-8.600000 -4.200000 0.100000 -0.031451
-8.200000 -4.200000 0.100000 -0.032794
-7.800000 -4.200000 0.100000 -0.033829
-7.400000 -4.200000 0.100000 -0.034376
-7.000000 -4.200000 0.100000 -0.034181
-6.600000 -4.200000 0.100000 -0.032900
-6.200000 -4.200000 0.100000 -0.030063
-5.800000 -4.200000 0.100000 -0.025045
-5.400000 -4.200000 0.100000 -0.017023
-5.000000 -4.200000 0.100000 -0.004938
-4.600000 -4.200000 0.100000 0.012531
-4.200000 -4.200000 0.100000 0.036966
-3.800000 -4.200000 0.100000 0.070150
-3.400000 -4.200000 0.100000 0.113895
-3.000000 -4.200000 0.100000 0.169734
-2.600000 -4.200000 0.100000 0.238400
-2.200000 -4.200000 0.100000 0.319145
-1.800000 -4.200000 0.100000 0.408990
-1.400000 -4.200000 0.100000 0.502208
-1.000000 -4.200000 0.100000 0.590418
-0.600000 -4.200000 0.100000 0.663647
-0.200000 -4.200000 0.100000 0.712368
0.200000 -4.200000 0.100000 0.729945
0.600000 -4.200000 0.100000 0.714515
1.000000 -4.200000 0.100000 0.669435
1.400000 -4.200000 0.100000 0.602103
1.800000 -4.200000 0.100000 0.521787
2.200000 -4.200000 0.100000 0.437406
2.600000 -4.200000 0.100000 0.356028
3.000000 -4.200000 0.100000 0.282289
3.400000 -4.200000 0.100000 0.218537
3.800000 -4.200000 0.100000 0.165373
4.200000 -4.200000 0.100000 0.122265
4.600000 -4.200000 0.100000 0.088074
5.000000 -4.200000 0.100000 0.061431
5.400000 -4.200000 0.100000 0.040974
5.800000 -4.200000 0.100000 0.025465
6.200000 -4.200000 0.100000 0.013849
6.600000 -4.200000 0.100000 0.005252
7.000000 -4.200000 0.100000 -0.001023
7.400000 -4.200000 0.100000 -0.005530
7.800000 -4.200000 0.100000 -0.008697
8.200000 -4.200000 0.100000 -0.010856
8.600000 -4.200000 0.100000 -0.012260
9.000000 -4.200000 0.100000 -0.013103
9.400000 -4.200000 0.100000 -0.013533
9.800000 -4.200000 0.100000 -0.013660
-9.800000 -3.800000 0.100000 -0.029297
-9.400000 -3.800000 0.100000 -0.031344
-9.000000 -3.800000 0.100000 -0.033436
-8.600000 -3.800000 0.100000 -0.035522
-8.200000 -3.800000 0.100000 -0.037517
-7.800000 -3.800000 0.100000 -0.039300
-7.400000 -3.800000 0.100000 -0.040690
-7.000000 -3.800000 0.100000 -0.041429
-6.600000 -3.800000 0.100000 -0.041146
-6.200000 -3.800000 0.100000 -0.039323
-5.800000 -3.800000 0.100000 -0.035238
-5.400000 -3.800000 0.100000 -0.027902
-5.000000 -3.800000 0.100000 -0.015985
-4.600000 -3.800000 0.100000 0.002256
-4.200000 -3.800000 0.100000 0.029033
-3.800000 -3.800000 0.100000 0.067012
-3.400000 -3.800000 0.100000 0.119174
-3.000000 -3.800000 0.100000 0.188435
-2.600000 -3.800000 0.100000 0.276926
-2.200000 -3.800000 0.100000 0.384869
-1.800000 -3.800000 0.100000 0.509162
-1.400000 -3.800000 0.100000 0.642096
-1.000000 -3.800000 0.100000 0.771004
-0.600000 -3.800000 0.100000 0.879695
-0.200000 -3.800000 0.100000 0.951998
0.200000 -3.800000 0.100000 0.976443
0.600000 -3.800000 0.100000 0.950016
1.000000 -3.800000 0.100000 0.878986
1.400000 -3.800000 0.100000 0.776434
1.800000 -3.800000 0.100000 0.657938
2.200000 -3.800000 0.100000 0.537541
2.600000 -3.800000 0.100000 0.425417
3.000000 -3.800000 0.100000 0.327369
3.400000 -3.800000 0.100000 0.245557
3.800000 -3.800000 0.100000 0.179666
4.200000 -3.800000 0.100000 0.128016
4.600000 -3.800000 0.100000 0.088373
5.000000 -3.800000 0.100000 0.058453
5.400000 -3.800000 0.100000 0.036192
5.800000 -3.800000 0.100000 0.019841
6.200000 -3.800000 0.100000 0.007986
6.600000 -3.800000 0.100000 -0.000487
7.000000 -3.800000 0.100000 -0.006436
7.400000 -3.800000 0.100000 -0.010516
7.800000 -3.800000 0.100000 -0.013218
8.200000 -3.800000 0.100000 -0.014913
8.600000 -3.800000 0.100000 -0.015876
9.000000 -3.800000 0.100000 -0.016312
9.400000 -3.800000 0.100000 -0.016371
9.800000 -3.800000 0.100000 -0.016167
-9.800000 -3.400000 0.100000 -0.031942
-9.400000 -3.400000 0.100000 -0.034439
-9.000000 -3.400000 0.100000 -0.037066
-8.600000 -3.400000 0.100000 -0.039783
-8.200000 -3.400000 0.100000 -0.042524
-7.800000 -3.400000 0.100000 -0.045181
-7.400000 -3.400000 0.100000 -0.047589
-7.000000 -3.400000 0.100000 -0.049495
-6.600000 -3.400000 0.100000 -0.050526
-6.200000 -3.400000 0.100000 -0.050131
-5.800000 -3.400000 0.100000 -0.047512
-5.400000 -3.400000 0.100000 -0.041530
-5.000000 -3.400000 0.100000 -0.030580
-4.600000 -3.400000 0.100000 -0.012448
-4.200000 -3.400000 0.100000 0.015835
-3.800000 -3.400000 0.100000 0.058097
-3.400000 -3.400000 0.100000 0.118979
-3.000000 -3.400000 0.100000 0.203584
-2.600000 -3.400000 0.100000 0.316558
-2.200000 -3.400000 0.100000 0.460381
-1.800000 -3.400000 0.100000 0.632823
-1.400000 -3.400000 0.100000 0.824119
-1.000000 -3.400000 0.100000 1.015314
-0.600000 -3.400000 0.100000 1.179840
-0.200000 -3.400000 0.100000 1.289623
0.200000 -3.400000 0.100000 1.324249
0.600000 -3.400000 0.100000 1.278706
1.000000 -3.400000 0.100000 1.164992
1.400000 -3.400000 0.100000 1.006735
1.800000 -3.400000 0.100000 0.830436
2.200000 -3.400000 0.100000 0.658125
2.600000 -3.400000 0.100000 0.503987
3.000000 -3.400000 0.100000 0.374560
3.400000 -3.400000 0.100000 0.270797
3.800000 -3.400000 0.100000 0.190410
4.200000 -3.400000 0.100000 0.129713
4.600000 -3.400000 0.100000 0.084784
5.000000 -3.400000 0.100000 0.052056
5.400000 -3.400000 0.100000 0.028550
5.800000 -3.400000 0.100000 0.011899
6.200000 -3.400000 0.100000 0.000284
6.600000 -3.400000 0.100000 -0.007665
7.000000 -3.400000 0.100000 -0.012963
7.400000 -3.400000 0.100000 -0.016358
7.800000 -3.400000 0.100000 -0.018395
8.200000 -3.400000 0.100000 -0.019470
8.600000 -3.400000 0.100000 -0.019872
9.000000 -3.400000 0.100000 -0.019807
9.400000 -3.400000 0.100000 -0.019426
9.800000 -3.400000 0.100000 -0.018836
-9.800000 -3.000000 0.100000 -0.034582
-9.400000 -3.000000 0.100000 -0.037556
-9.000000 -3.000000 0.100000 -0.040755
-8.600000 -3.000000 0.100000 -0.044161
-8.200000 -3.000000 0.100000 -0.047730
-7.800000 -3.000000 0.100000 -0.051380
-7.400000 -3.000000 0.100000 -0.054974
-7.000000 -3.000000 0.100000 -0.058286
-6.600000 -3.000000 0.100000 -0.060962
-6.200000 -3.000000 0.100000 -0.062453
-5.800000 -3.000000 0.100000 -0.061925
-5.400000 -3.000000 0.100000 -0.058129
-5.000000 -3.000000 0.100000 -0.049218
-4.600000 -3.000000 0.100000 -0.032511
-4.200000 -3.000000 0.100000 -0.004201
-3.800000 -3.000000 0.100000 0.040946
-3.400000 -3.000000 0.100000 0.109789
-3.000000 -3.000000 0.100000 0.210658
-2.600000 -3.000000 0.100000 0.352399
-2.200000 -3.000000 0.100000 0.542027
-1.800000 -3.000000 0.100000 0.780471
-1.400000 -3.000000 0.100000 1.056837
-1.000000 -3.000000 0.100000 1.343531
-0.600000 -3.000000 0.100000 1.596831
-0.200000 -3.000000 0.100000 1.767096
0.200000 -3.000000 0.100000 1.817009
0.600000 -3.000000 0.100000 1.738021
1.000000 -3.000000 0.100000 1.553583
1.400000 -3.000000 0.100000 1.307120
1.800000 -3.000000 0.100000 1.043937
2.200000 -3.000000 0.100000 0.798034
2.600000 -3.000000 0.100000 0.588010
3.000000 -3.000000 0.100000 0.419589
3.400000 -3.000000 0.100000 0.290473
3.800000 -3.000000 0.100000 0.194658
4.200000 -3.000000 0.100000 0.125243
4.600000 -3.000000 0.100000 0.075881
5.000000 -3.000000 0.100000 0.041323
5.400000 -3.000000 0.100000 0.017488
5.800000 -3.000000 0.100000 0.001318
6.200000 -3.000000 0.100000 -0.009425
6.600000 -3.000000 0.100000 -0.016354
7.000000 -3.000000 0.100000 -0.020620
7.400000 -3.000000 0.100000 -0.023041
7.800000 -3.000000 0.100000 -0.024195
8.200000 -3.000000 0.100000 -0.024487
8.600000 -3.000000 0.100000 -0.024205
9.000000 -3.000000 0.100000 -0.023549
9.400000 -3.000000 0.100000 -0.022660
9.800000 -3.000000 0.100000 -0.021635
-9.800000 -2.600000 0.100000 -0.037166
-9.400000 -2.600000 0.100000 -0.040631
-9.000000 -2.600000 0.100000 -0.044429
-8.600000 -2.600000 0.100000 -0.048565
-8.200000 -2.600000 0.100000 -0.053026
-7.800000 -2.600000 0.100000 -0.057768
-7.400000 -2.600000 0.100000 -0.062697
-7.000000 -2.600000 0.100000 -0.067636
-6.600000 -2.600000 0.100000 -0.072282
-6.200000 -2.600000 0.100000 -0.076132
-5.800000 -2.600000 0.100000 -0.078374
-5.400000 -2.600000 0.100000 -0.077726
-5.000000 -2.600000 0.100000 -0.072185
-4.600000 -2.600000 0.100000 -0.058687
-4.200000 -2.600000 0.100000 -0.032616
-3.800000 -2.600000 0.100000 0.012793
-3.400000 -2.600000 0.100000 0.087093
-3.000000 -2.600000 0.100000 0.202991
-2.600000 -2.600000 0.100000 0.375776
-2.200000 -2.600000 0.100000 0.620600
-1.800000 -2.600000 0.100000 0.946067
-1.400000 -2.600000 0.100000 1.343503
-1.000000 -2.600000 0.100000 1.774966
-0.600000 -2.600000 0.100000 2.169250
-0.200000 -2.600000 0.100000 2.437720
0.200000 -2.600000 0.100000 2.510723
0.600000 -2.600000 0.100000 2.373379
1.000000 -2.600000 0.100000 2.072201
1.400000 -2.600000 0.100000 1.687689
1.800000 -2.600000 0.100000 1.296770
2.200000 -2.600000 0.100000 0.950036
2.600000 -2.600000 0.100000 0.669101
3.000000 -2.600000 0.100000 0.455155
3.400000 -2.600000 0.100000 0.299079
3.800000 -2.600000 0.100000 0.188621
4.200000 -2.600000 0.100000 0.112167
4.600000 -2.600000 0.100000 0.060183
5.000000 -2.600000 0.100000 0.025409
5.400000 -2.600000 0.100000 0.002562
5.800000 -2.600000 0.100000 -0.012104
6.200000 -2.600000 0.100000 -0.021203
6.600000 -2.600000 0.100000 -0.026541
7.000000 -2.600000 0.100000 -0.029356
7.400000 -2.600000 0.100000 -0.030497
7.800000 -2.600000 0.100000 -0.030545
8.200000 -2.600000 0.100000 -0.029894
8.600000 -2.600000 0.100000 -0.028812
9.000000 -2.600000 0.100000 -0.027482
9.400000 -2.600000 0.100000 -0.026024
9.800000 -2.600000 0.100000 -0.024520
-9.800000 -2.200000 0.100000 -0.039636
-9.400000 -2.200000 0.100000 -0.043593
-9.000000 -2.200000 0.100000 -0.047998
-8.600000 -2.200000 0.100000 -0.052884
-8.200000 -2.200000 0.100000 -0.058277
-7.800000 -2.200000 0.100000 -0.064179
-7.400000 -2.200000 0.100000 -0.070556
-7.000000 -2.200000 0.100000 -0.077302
-6.600000 -2.200000 0.100000 -0.084203
-6.200000 -2.200000 0.100000 -0.090853
-5.800000 -2.200000 0.100000 -0.096540
-5.400000 -2.200000 0.100000 -0.100055
-5.000000 -2.200000 0.100000 -0.099395
-4.600000 -2.200000 0.100000 -0.091297
-4.200000 -2.200000 0.100000 -0.070544
-3.800000 -2.200000 0.100000 -0.028971
-3.400000 -2.200000 0.100000 0.045826
-3.000000 -2.200000 0.100000 0.171832
-2.600000 -2.200000 0.100000 0.373191
-2.200000 -2.200000 0.100000 0.678058
-1.800000 -2.200000 0.100000 1.110307
-1.400000 -2.200000 0.100000 1.671520
-1.000000 -2.200000 0.100000 2.315077
-0.600000 -2.200000 0.100000 2.928610
-0.200000 -2.200000 0.100000 3.354708
0.200000 -2.200000 0.100000 3.462355
0.600000 -2.200000 0.100000 3.225333
1.000000 -2.200000 0.100000 2.735997
1.400000 -2.200000 0.100000 2.142632
1.800000 -2.200000 0.100000 1.572555
2.200000 -2.200000 0.100000 1.096037
2.600000 -2.200000 0.100000 0.732116
3.000000 -2.200000 0.100000 0.470352
3.400000 -2.200000 0.100000 0.289499
3.800000 -2.200000 0.100000 0.167990
4.200000 -2.200000 0.100000 0.088048
4.600000 -2.200000 0.100000 0.036414
5.000000 -2.200000 0.100000 0.003721
5.400000 -2.200000 0.100000 -0.016439
5.800000 -2.200000 0.100000 -0.028377
6.200000 -2.200000 0.100000 -0.034963
6.600000 -2.200000 0.100000 -0.038096
7.000000 -2.200000 0.100000 -0.039032
7.400000 -2.200000 0.100000 -0.038595
7.800000 -2.200000 0.100000 -0.037328
8.200000 -2.200000 0.100000 -0.035588
8.600000 -2.200000 0.100000 -0.033606
9.000000 -2.200000 0.100000 -0.031530
9.400000 -2.200000 0.100000 -0.029455
9.800000 -2.200000 0.100000 -0.027439
-9.800000 -1.800000 0.100000 -0.041932
-9.400000 -1.800000 0.100000 -0.046368
-9.000000 -1.800000 0.100000 -0.051367
-8.600000 -1.800000 0.100000 -0.056998
-8.200000 -1.800000 0.100000 -0.063329
-7.800000 -1.800000 0.100000 -0.070417
-7.400000 -1.800000 0.100000 -0.078300
-7.000000 -1.800000 0.100000 -0.086970
-6.600000 -1.800000 0.100000 -0.096331
-6.200000 -1.800000 0.100000 -0.106132
-5.800000 -1.800000 0.100000 -0.115848
-5.400000 -1.800000 0.100000 -0.124479
-5.000000 -1.800000 0.100000 -0.130224
-4.600000 -1.800000 0.100000 -0.129928
-4.200000 -1.800000 0.100000 -0.118196
-3.800000 -1.800000 0.100000 -0.085982
-3.400000 -1.800000 0.100000 -0.018504
-3.000000 -1.800000 0.100000 0.107526
-2.600000 -1.800000 0.100000 0.326660
-2.200000 -1.800000 0.100000 0.684967
-1.800000 -1.800000 0.100000 1.231833
-1.400000 -1.800000 0.100000 1.993849
-1.000000 -1.800000 0.100000 2.925825
-0.600000 -1.800000 0.100000 3.861454
-0.200000 -1.800000 0.100000 4.529604
0.200000 -1.800000 0.100000 4.687648
0.600000 -1.800000 0.100000 4.289641
1.000000 -1.800000 0.100000 3.514700
1.400000 -1.800000 0.100000 2.627548
1.800000 -1.800000 0.100000 1.827861
2.200000 -1.800000 0.100000 1.202073
2.600000 -1.800000 0.100000 0.754102
3.000000 -1.800000 0.100000 0.451202
3.400000 -1.800000 0.100000 0.253906
3.800000 -1.800000 0.100000 0.128731
4.200000 -1.800000 0.100000 0.051020
4.600000 -1.800000 0.100000 0.003874
5.000000 -1.800000 0.100000 -0.023852
5.400000 -1.800000 0.100000 -0.039357
5.800000 -1.800000 0.100000 -0.047239
6.200000 -1.800000 0.100000 -0.050422
6.600000 -1.800000 0.100000 -0.050757
7.000000 -1.800000 0.100000 -0.049415
7.400000 -1.800000 0.100000 -0.047136
7.800000 -1.800000 0.100000 -0.044380
8.200000 -1.800000 0.100000 -0.041435
8.600000 -1.800000 0.100000 -0.038476
9.000000 -1.800000 0.100000 -0.035605
9.400000 -1.800000 0.100000 -0.032881
9.800000 -1.800000 0.100000 -0.030333
-9.800000 -1.400000 0.100000 -0.043995
-9.400000 -1.400000 0.100000 -0.048877
-9.000000 -1.400000 0.100000 -0.054437
-8.600000 -1.400000 0.100000 -0.060778
-8.200000 -1.400000 0.100000 -0.068014
-7.800000 -1.400000 0.100000 -0.076262
-7.400000 -1.400000 0.100000 -0.085644
-7.000000 -1.400000 0.100000 -0.096262
-6.600000 -1.400000 0.100000 -0.108172
-6.200000 -1.400000 0.100000 -0.121324
-5.800000 -1.400000 0.100000 -0.135462
-5.400000 -1.400000 0.100000 -0.149939
-5.000000 -1.400000 0.100000 -0.163389
-4.600000 -1.400000 0.100000 -0.173154
-4.200000 -1.400000 0.100000 -0.174278
-3.800000 -1.400000 0.100000 -0.157791
-3.400000 -1.400000 0.100000 -0.107876
-3.000000 -1.400000 0.100000 0.002496
-2.600000 -1.400000 0.100000 0.217339
-2.200000 -1.400000 0.100000 0.602556
-1.800000 -1.400000 0.100000 1.241970
-1.400000 -1.400000 0.100000 2.206568
-1.000000 -1.400000 0.100000 3.475839
-0.600000 -1.400000 0.100000 4.829536
-0.200000 -1.400000 0.100000 5.832098
0.200000 -1.400000 0.100000 6.058180
0.600000 -1.400000 0.100000 5.430011
1.000000 -1.400000 0.100000 4.273306
1.400000 -1.400000 0.100000 3.028615
1.800000 -1.400000 0.100000 1.981312
2.200000 -1.400000 0.100000 1.217435
2.600000 -1.400000 0.100000 0.706771
3.000000 -1.400000 0.100000 0.383402
3.400000 -1.400000 0.100000 0.185828
3.800000 -1.400000 0.100000 0.068405
4.200000 -1.400000 0.100000 0.000566
4.600000 -1.400000 0.100000 -0.037127
5.000000 -1.400000 0.100000 -0.056714
5.400000 -1.400000 0.100000 -0.065550
5.800000 -1.400000 0.100000 -0.068104
6.200000 -1.400000 0.100000 -0.067082
6.600000 -1.400000 0.100000 -0.064114
7.000000 -1.400000 0.100000 -0.060180
7.400000 -1.400000 0.100000 -0.055861
7.800000 -1.400000 0.100000 -0.051494
8.200000 -1.400000 0.100000 -0.047271
8.600000 -1.400000 0.100000 -0.043293
9.000000 -1.400000 0.100000 -0.039604
9.400000 -1.400000 0.100000 -0.036221
9.800000 -1.400000 0.100000 -0.033137
-9.800000 -1.000000 0.100000 -0.045767
-9.400000 -1.000000 0.100000 -0.051046
-9.000000 -1.000000 0.100000 -0.057111
-8.600000 -1.000000 0.100000 -0.064098
-8.200000 -1.000000 0.100000 -0.072163
-7.800000 -1.000000 0.100000 -0.081490
-7.400000 -1.000000 0.100000 -0.092285
-7.000000 -1.000000 0.100000 -0.104768
-6.600000 -1.000000 0.100000 -0.119165
-6.200000 -1.000000 0.100000 -0.135660
-5.800000 -1.000000 0.100000 -0.154330
-5.400000 -1.000000 0.100000 -0.174995
-5.000000 -1.000000 0.100000 -0.196943
-4.600000 -1.000000 0.100000 -0.218401
-4.200000 -1.000000 0.100000 -0.235563
-3.800000 -1.000000 0.100000 -0.240787
-3.400000 -1.000000 0.100000 -0.219361
-3.000000 -1.000000 0.100000 -0.143954
-2.600000 -1.000000 0.100000 0.034038
-2.200000 -1.000000 0.100000 0.395225
-1.800000 -1.000000 0.100000 1.056924
-1.400000 -1.000000 0.100000 2.146559
-1.000000 -1.000000 0.100000 3.698698
-0.600000 -1.000000 0.100000 5.468070
-0.200000 -1.000000 0.100000 6.837483
0.200000 -1.000000 0.100000 7.142059
0.600000 -1.000000 0.100000 6.260331
1.000000 -1.000000 0.100000 4.713804
1.400000 -1.000000 0.100000 3.149132
1.800000 -1.000000 0.100000 1.920675
2.200000 -1.000000 0.100000 1.085893
2.600000 -1.000000 0.100000 0.565416
3.000000 -1.000000 0.100000 0.257946
3.400000 -1.000000 0.100000 0.083282
3.800000 -1.000000 0.100000 -0.012207
4.200000 -1.000000 0.100000 -0.061692
4.600000 -1.000000 0.100000 -0.084915
5.000000 -1.000000 0.100000 -0.093408
5.400000 -1.000000 0.100000 -0.093843
5.800000 -1.000000 0.100000 -0.090056
6.200000 -1.000000 0.100000 -0.084241
6.600000 -1.000000 0.100000 -0.077633
7.000000 -1.000000 0.100000 -0.070918
7.400000 -1.000000 0.100000 -0.064459
7.800000 -1.000000 0.100000 -0.058434
8.200000 -1.000000 0.100000 -0.052915
8.600000 -1.000000 0.100000 -0.047916
9.000000 -1.000000 0.100000 -0.043419
9.400000 -1.000000 0.100000 -0.039388
9.800000 -1.000000 0.100000 -0.035784
-9.800000 -0.600000 0.100000 -0.047197
-9.400000 -0.600000 0.100000 -0.052810
-9.000000 -0.600000 0.100000 -0.059302
-8.600000 -0.600000 0.100000 -0.066838
-8.200000 -0.600000 0.100000 -0.075619
-7.800000 -0.600000 0.100000 -0.085886
-7.400000 -0.600000 0.100000 -0.097925
-7.000000 -0.600000 0.100000 -0.112077
-6.600000 -0.600000 0.100000 -0.128732
-6.200000 -0.600000 0.100000 -0.148321
-5.800000 -0.600000 0.100000 -0.171279
-5.400000 -0.600000 0.100000 -0.197956
-5.000000 -0.600000 0.100000 -0.228431
-4.600000 -0.600000 0.100000 -0.262109
-4.200000 -0.600000 0.100000 -0.296930
-3.800000 -0.600000 0.100000 -0.327778
-3.400000 -0.600000 0.100000 -0.343423
-3.000000 -0.600000 0.100000 -0.320794
-2.600000 -0.600000 0.100000 -0.215006
-2.200000 -0.600000 0.100000 0.055527
-1.800000 -0.600000 0.100000 0.623094
-1.400000 -0.600000 0.100000 1.656914
-1.000000 -0.600000 0.100000 3.257683
-0.600000 -0.600000 0.100000 5.211782
-0.200000 -0.600000 0.100000 6.800795
0.200000 -0.600000 0.100000 7.169737
0.600000 -0.600000 0.100000 6.153995
1.000000 -0.600000 0.100000 4.428130
1.400000 -0.600000 0.100000 2.772189
1.800000 -0.600000 0.100000 1.550955
2.200000 -0.600000 0.100000 0.774820
2.600000 -0.600000 0.100000 0.324122
3.000000 -0.600000 0.100000 0.078303
3.400000 -0.600000 0.100000 -0.048095
3.800000 -0.600000 0.100000 -0.107862
4.200000 -0.600000 0.100000 -0.131567
4.600000 -0.600000 0.100000 -0.136349
5.000000 -0.600000 0.100000 -0.131644
5.400000 -0.600000 0.100000 -0.122581
5.800000 -0.600000 0.100000 -0.111903
6.200000 -0.600000 0.100000 -0.101036
6.600000 -0.600000 0.100000 -0.090687
7.000000 -0.600000 0.100000 -0.081171
7.400000 -0.600000 0.100000 -0.072592
7.800000 -0.600000 0.100000 -0.064946
8.200000 -0.600000 0.100000 -0.058176
8.600000 -0.600000 0.100000 -0.052202
9.000000 -0.600000 0.100000 -0.046937
9.400000 -0.600000 0.100000 -0.042298
9.800000 -0.600000 0.100000 -0.038207
-9.800000 -0.200000 0.100000 -0.048245
-9.400000 -0.200000 0.100000 -0.054114
-9.000000 -0.200000 0.100000 -0.060936
-8.600000 -0.200000 0.100000 -0.068902
-8.200000 -0.200000 0.100000 -0.078247
-7.800000 -0.200000 0.100000 -0.089262
-7.400000 -0.200000 0.100000 -0.102305
-7.000000 -0.200000 0.100000 -0.117818
-6.600000 -0.200000 0.100000 -0.136342
-6.200000 -0.200000 0.100000 -0.158533
-5.800000 -0.200000 0.100000 -0.185163
-5.400000 -0.200000 0.100000 -0.217103
-5.000000 -0.200000 0.100000 -0.255234
-4.600000 -0.200000 0.100000 -0.300234
-4.200000 -0.200000 0.100000 -0.352061
-3.800000 -0.200000 0.100000 -0.408836
-3.400000 -0.200000 0.100000 -0.464496
-3.000000 -0.200000 0.100000 -0.504068
-2.600000 -0.200000 0.100000 -0.494752
-2.200000 -0.200000 0.100000 -0.371060
-1.800000 -0.200000 0.100000 -0.016822
-1.400000 -0.200000 0.100000 0.734281
-1.000000 -0.200000 0.100000 2.016449
-0.600000 -0.200000 0.100000 3.696301
-0.200000 -0.200000 0.100000 5.140228
0.200000 -0.200000 0.100000 5.522304
0.600000 -0.200000 0.100000 4.661295
1.000000 -0.200000 0.100000 3.193363
1.400000 -0.200000 0.100000 1.832576
1.800000 -0.200000 0.100000 0.878940
2.200000 -0.200000 0.100000 0.311466
2.600000 -0.200000 0.100000 0.009556
3.000000 -0.200000 0.100000 -0.135046
3.400000 -0.200000 0.100000 -0.193952
3.800000 -0.200000 0.100000 -0.208877
4.200000 -0.200000 0.100000 -0.202611
4.600000 -0.200000 0.100000 -0.187132
5.000000 -0.200000 0.100000 -0.168540
5.400000 -0.200000 0.100000 -0.149812
5.800000 -0.200000 0.100000 -0.132302
6.200000 -0.200000 0.100000 -0.116534
6.600000 -0.200000 0.100000 -0.102617
7.000000 -0.200000 0.100000 -0.090467
7.400000 -0.200000 0.100000 -0.079919
7.800000 -0.200000 0.100000 -0.070782
8.200000 -0.200000 0.100000 -0.062869
8.600000 -0.200000 0.100000 -0.056011
9.000000 -0.200000 0.100000 -0.050055
9.400000 -0.200000 0.100000 -0.044870
9.800000 -0.200000 0.100000 -0.040344
-9.800000 0.200000 0.100000 -0.048881
-9.400000 0.200000 0.100000 -0.054919
-9.000000 0.200000 0.100000 -0.061961
-8.600000 0.200000 0.100000 -0.070217
-8.200000 0.200000 0.100000 -0.079948
-7.800000 0.200000 0.100000 -0.091480
-7.400000 0.200000 0.100000 -0.105225
-7.000000 0.200000 0.100000 -0.121704
-6.600000 0.200000 0.100000 -0.141575
-6.200000 0.200000 0.100000 -0.165670
-5.800000 0.200000 0.100000 -0.195033
-5.400000 0.200000 0.100000 -0.230964
-5.000000 0.200000 0.100000 -0.275031
-4.600000 0.200000 0.100000 -0.329029
-4.200000 0.200000 0.100000 -0.394779
-3.800000 0.200000 0.100000 -0.473554
-3.400000 0.200000 0.100000 -0.564700
-3.000000 0.200000 0.100000 -0.662587
-2.600000 0.200000 0.100000 -0.750415
-2.200000 0.200000 0.100000 -0.789104
-1.800000 0.200000 0.100000 -0.702022
-1.400000 0.200000 0.100000 -0.368940
-1.000000 0.200000 0.100000 0.326782
-0.600000 0.200000 0.100000 1.339993
-0.200000 0.200000 0.100000 2.285225
0.200000 0.200000 0.100000 2.611145
0.600000 0.200000 0.100000 2.163153
1.000000 0.200000 0.100000 1.330715
1.400000 0.200000 0.100000 0.567929
1.800000 0.200000 0.100000 0.062082
2.200000 0.200000 0.100000 -0.206894
2.600000 0.200000 0.100000 -0.320230
3.000000 0.200000 0.100000 -0.347803
3.400000 0.200000 0.100000 -0.333921
3.800000 0.200000 0.100000 -0.302985
4.200000 0.200000 0.100000 -0.267295
4.600000 0.200000 0.100000 -0.232550
5.000000 0.200000 0.100000 -0.201078
5.400000 0.200000 0.100000 -0.173563
5.800000 0.200000 0.100000 -0.149942
6.200000 0.200000 0.100000 -0.129844
6.600000 0.200000 0.100000 -0.112807
7.000000 0.200000 0.100000 -0.098374
7.400000 0.200000 0.100000 -0.086129
7.800000 0.200000 0.100000 -0.075715
8.200000 0.200000 0.100000 -0.066830
8.600000 0.200000 0.100000 -0.059220
9.000000 0.200000 0.100000 -0.052679
9.400000 0.200000 0.100000 -0.047033
9.800000 0.200000 0.100000 -0.042141
-9.800000 0.600000 0.100000 -0.049090
-9.400000 0.600000 0.100000 -0.055204
-9.000000 0.600000 0.100000 -0.062348
-8.600000 0.600000 0.100000 -0.070743
-8.200000 0.600000 0.100000 -0.080663
-7.800000 0.600000 0.100000 -0.092457
-7.400000 0.600000 0.100000 -0.106569
-7.000000 0.600000 0.100000 -0.123564
-6.600000 0.600000 0.100000 -0.144172
-6.200000 0.600000 0.100000 -0.169336
-5.800000 0.600000 0.100000 -0.200275
-5.400000 0.600000 0.100000 -0.238566
-5.000000 0.600000 0.100000 -0.286236
-4.600000 0.600000 0.100000 -0.345852
-4.200000 0.600000 0.100000 -0.420558
-3.800000 0.600000 0.100000 -0.513948
-3.400000 0.600000 0.100000 -0.629525
-3.000000 0.600000 0.100000 -0.769201
-2.600000 0.600000 0.100000 -0.929881
-2.200000 0.600000 0.100000 -1.096794
-1.800000 0.600000 0.100000 -1.233313
-1.400000 0.600000 0.100000 -1.273245
-1.000000 0.600000 0.100000 -1.137470
-0.600000 0.600000 0.100000 -0.805808
-0.200000 0.600000 0.100000 -0.409963
0.200000 0.600000 0.100000 -0.182854
0.600000 0.600000 0.100000 -0.225813
1.000000 0.600000 0.100000 -0.416982
1.400000 0.600000 0.100000 -0.586719
1.800000 0.600000 0.100000 -0.662153
2.200000 0.600000 0.100000 -0.654022
2.600000 0.600000 0.100000 -0.598012
3.000000 0.600000 0.100000 -0.523531
3.400000 0.600000 0.100000 -0.447731
3.800000 0.600000 0.100000 -0.378575
4.200000 0.600000 0.100000 -0.318766
4.600000 0.600000 0.100000 -0.268439
5.000000 0.600000 0.100000 -0.226658
5.400000 0.600000 0.100000 -0.192168
5.800000 0.600000 0.100000 -0.163725
6.200000 0.600000 0.100000 -0.140229
6.600000 0.600000 0.100000 -0.120753
7.000000 0.600000 0.100000 -0.104539
7.400000 0.600000 0.100000 -0.090975
7.800000 0.600000 0.100000 -0.079568
8.200000 0.600000 0.100000 -0.069926
8.600000 0.600000 0.100000 -0.061733
9.000000 0.600000 0.100000 -0.054737
9.400000 0.600000 0.100000 -0.048733
9.800000 0.600000 0.100000 -0.043556
-9.800000 1.000000 0.100000 -0.048872
-9.400000 1.000000 0.100000 -0.054968
-9.000000 1.000000 0.100000 -0.062095
-8.600000 1.000000 0.100000 -0.070475
-8.200000 1.000000 0.100000 -0.080386
-7.800000 1.000000 0.100000 -0.092181
-7.400000 1.000000 0.100000 -0.106311
-7.000000 1.000000 0.100000 -0.123356
-6.600000 1.000000 0.100000 -0.144067
-6.200000 1.000000 0.100000 -0.169422
-5.800000 1.000000 0.100000 -0.200701
-5.400000 1.000000 0.100000 -0.239589
-5.000000 1.000000 0.100000 -0.288296
-4.600000 1.000000 0.100000 -0.349720
-4.200000 1.000000 0.100000 -0.427605
-3.800000 1.000000 0.100000 -0.526662
-3.400000 1.000000 0.100000 -0.652503
-3.000000 1.000000 0.100000 -0.811063
-2.600000 1.000000 0.100000 -1.006901
-2.200000 1.000000 0.100000 -1.239412
-1.800000 1.000000 0.100000 -1.496148
-1.400000 1.000000 0.100000 -1.744868
-1.000000 1.000000 0.100000 -1.932712
-0.600000 1.000000 0.100000 -2.007171
-0.200000 1.000000 0.100000 -1.956813
0.200000 1.000000 0.100000 -1.825219
0.600000 1.000000 0.100000 -1.664869
1.000000 1.000000 0.100000 -1.494129
1.400000 1.000000 0.100000 -1.311701
1.800000 1.000000 0.100000 -1.122959
2.200000 1.000000 0.100000 -0.941005
2.600000 1.000000 0.100000 -0.777316
3.000000 1.000000 0.100000 -0.637419
3.400000 1.000000 0.100000 -0.521745
3.800000 1.000000 0.100000 -0.427903
4.200000 1.000000 0.100000 -0.352482
4.600000 1.000000 0.100000 -0.292046
5.000000 1.000000 0.100000 -0.243563
5.400000 1.000000 0.100000 -0.204526
5.800000 1.000000 0.100000 -0.172932
6.200000 1.000000 0.100000 -0.147206
6.600000 1.000000 0.100000 -0.126123
7.000000 1.000000 0.100000 -0.108731
7.400000 1.000000 0.100000 -0.094289
7.800000 1.000000 0.100000 -0.082219
8.200000 1.000000 0.100000 -0.072070
8.600000 1.000000 0.100000 -0.063484
9.000000 1.000000 0.100000 -0.056179
9.400000 1.000000 0.100000 -0.049931
9.800000 1.000000 0.100000 -0.044559
-9.800000 1.400000 0.100000 -0.048242
-9.400000 1.400000 0.100000 -0.054229
-9.000000 1.400000 0.100000 -0.061224
-8.600000 1.400000 0.100000 -0.069442
-8.200000 1.400000 0.100000 -0.079153
-7.800000 1.400000 0.100000 -0.090700
-7.400000 1.400000 0.100000 -0.104519
-7.000000 1.400000 0.100000 -0.121171
-6.600000 1.400000 0.100000 -0.141383
-6.200000 1.400000 0.100000 -0.166100
-5.800000 1.400000 0.100000 -0.196558
-5.400000 1.400000 0.100000 -0.234384
-5.000000 1.400000 0.100000 -0.281722
-4.600000 1.400000 0.100000 -0.341389
-4.200000 1.400000 0.100000 -0.417061
-3.800000 1.400000 0.100000 -0.513443
-3.400000 1.400000 0.100000 -0.636337
-3.000000 1.400000 0.100000 -0.792381
-2.600000 1.400000 0.100000 -0.988025
-2.200000 1.400000 0.100000 -1.226996
-1.800000 1.400000 0.100000 -1.505436
-1.400000 1.400000 0.100000 -1.804807
-1.000000 1.400000 0.100000 -2.086040
-0.600000 1.400000 0.100000 -2.293336
-0.200000 1.400000 0.100000 -2.374730
0.200000 1.400000 0.100000 -2.310074
0.600000 1.400000 0.100000 -2.121610
1.000000 1.400000 0.100000 -1.857978
1.400000 1.400000 0.100000 -1.569715
1.800000 1.400000 0.100000 -1.293997
2.200000 1.400000 0.100000 -1.051151
2.600000 1.400000 0.100000 -0.848055
3.000000 1.400000 0.100000 -0.683448
3.400000 1.400000 0.100000 -0.552342
3.800000 1.400000 0.100000 -0.448755
4.200000 1.400000 0.100000 -0.367059
4.600000 1.400000 0.100000 -0.302488
5.000000 1.400000 0.100000 -0.251215
5.400000 1.400000 0.100000 -0.210251
5.800000 1.400000 0.100000 -0.177295
6.200000 1.400000 0.100000 -0.150588
6.600000 1.400000 0.100000 -0.128784
7.000000 1.400000 0.100000 -0.110853
7.400000 1.400000 0.100000 -0.096001
7.800000 1.400000 0.100000 -0.083617
8.200000 1.400000 0.100000 -0.073222
8.600000 1.400000 0.100000 -0.064442
9.000000 1.400000 0.100000 -0.056983
9.400000 1.400000 0.100000 -0.050610
9.800000 1.400000 0.100000 -0.045136
-9.800000 1.800000 0.100000 -0.047225
-9.400000 1.800000 0.100000 -0.053022
-9.000000 1.800000 0.100000 -0.059782
-8.600000 1.800000 0.100000 -0.067706
-8.200000 1.800000 0.100000 -0.077047
-7.800000 1.800000 0.100000 -0.088125
-7.400000 1.800000 0.100000 -0.101342
-7.000000 1.800000 0.100000 -0.117217
-6.600000 1.800000 0.100000 -0.136413
-6.200000 1.800000 0.100000 -0.159787
-5.800000 1.800000 0.100000 -0.188452
-5.400000 1.800000 0.100000 -0.223858
-5.000000 1.800000 0.100000 -0.267890
-4.600000 1.800000 0.100000 -0.323000
-4.200000 1.800000 0.100000 -0.392336
-3.800000 1.800000 0.100000 -0.479859
-3.400000 1.800000 0.100000 -0.590364
-3.000000 1.800000 0.100000 -0.729220
-2.600000 1.800000 0.100000 -0.901526
-2.200000 1.800000 0.100000 -1.110169
-1.800000 1.800000 0.100000 -1.352248
-1.400000 1.800000 0.100000 -1.613945
-1.000000 1.800000 0.100000 -1.865929
-0.600000 1.800000 0.100000 -2.064469
-0.200000 1.800000 0.100000 -2.163830
0.200000 1.800000 0.100000 -2.137444
0.600000 1.800000 0.100000 -1.992982
1.000000 1.800000 0.100000 -1.767615
1.400000 1.800000 0.100000 -1.508148
1.800000 1.800000 0.100000 -1.252740
2.200000 1.800000 0.100000 -1.023837
2.600000 1.800000 0.100000 -0.830164
3.000000 1.800000 0.100000 -0.671843
3.400000 1.800000 0.100000 -0.544885
3.800000 1.800000 0.100000 -0.444013
4.200000 1.800000 0.100000 -0.364085
4.600000 1.800000 0.100000 -0.300662
5.000000 1.800000 0.100000 -0.250132
5.400000 1.800000 0.100000 -0.209646
5.800000 1.800000 0.100000 -0.176998
6.200000 1.800000 0.100000 -0.150486
6.600000 1.800000 0.100000 -0.128804
7.000000 1.800000 0.100000 -0.110948
7.400000 1.800000 0.100000 -0.096139
7.800000 1.800000 0.100000 -0.083778
8.200000 1.800000 0.100000 -0.073392
8.600000 1.800000 0.100000 -0.064614
9.000000 1.800000 0.100000 -0.057151
9.400000 1.800000 0.100000 -0.050771
9.800000 1.800000 0.100000 -0.045289
-9.800000 2.200000 0.100000 -0.045862
-9.400000 2.200000 0.100000 -0.051398
-9.000000 2.200000 0.100000 -0.057833
-8.600000 2.200000 0.100000 -0.065351
-8.200000 2.200000 0.100000 -0.074181
-7.800000 2.200000 0.100000 -0.084608
-7.400000 2.200000 0.100000 -0.096991
-7.000000 2.200000 0.100000 -0.111785
-6.600000 2.200000 0.100000 -0.129565
-6.200000 2.200000 0.100000 -0.151068
-5.800000 2.200000 0.100000 -0.177233
-5.400000 2.200000 0.100000 -0.209262
-5.000000 2.200000 0.100000 -0.248687
-4.600000 2.200000 0.100000 -0.297448
-4.200000 2.200000 0.100000 -0.357964
-3.800000 2.200000 0.100000 -0.433162
-3.400000 2.200000 0.100000 -0.526413
-3.000000 2.200000 0.100000 -0.641227
-2.600000 2.200000 0.100000 -0.780518
-2.200000 2.200000 0.100000 -0.945158
-1.800000 2.200000 0.100000 -1.131612
-1.400000 2.200000 0.100000 -1.328929
-1.000000 2.200000 0.100000 -1.516480
-0.600000 2.200000 0.100000 -1.665263
-0.200000 2.200000 0.100000 -1.745357
0.200000 2.200000 0.100000 -1.738028
0.600000 2.200000 0.100000 -1.645060
1.000000 2.200000 0.100000 -1.487821
1.400000 2.200000 0.100000 -1.296852
1.800000 2.200000 0.100000 -1.100138
2.200000 2.200000 0.100000 -0.916698
2.600000 2.200000 0.100000 -0.756079
3.000000 2.200000 0.100000 -0.620901
3.400000 2.200000 0.100000 -0.509822
3.800000 2.200000 0.100000 -0.419752
4.200000 2.200000 0.100000 -0.347166
4.600000 2.200000 0.100000 -0.288753
5.000000 2.200000 0.100000 -0.241666
5.400000 2.200000 0.100000 -0.203568
5.800000 2.200000 0.100000 -0.172592
6.200000 2.200000 0.100000 -0.147263
6.600000 2.200000 0.100000 -0.126426
7.000000 2.200000 0.100000 -0.109179
7.400000 2.200000 0.100000 -0.094815
7.800000 2.200000 0.100000 -0.082780
8.200000 2.200000 0.100000 -0.072636
8.600000 2.200000 0.100000 -0.064039
9.000000 2.200000 0.100000 -0.056712
9.400000 2.200000 0.100000 -0.050435
9.800000 2.200000 0.100000 -0.045032
-9.800000 2.600000 0.100000 -0.044199
-9.400000 2.600000 0.100000 -0.049416
-9.000000 2.600000 0.100000 -0.055456
-8.600000 2.600000 0.100000 -0.062482
-8.200000 2.600000 0.100000 -0.070692
-7.800000 2.600000 0.100000 -0.080334
-7.400000 2.600000 0.100000 -0.091714
-7.000000 2.600000 0.100000 -0.105214
-6.600000 2.600000 0.100000 -0.121313
-6.200000 2.600000 0.100000 -0.140608
-5.800000 2.600000 0.100000 -0.163849
-5.400000 2.600000 0.100000 -0.191971
-5.000000 2.600000 0.100000 -0.226131
-4.600000 2.600000 0.100000 -0.267743
-4.200000 2.600000 0.100000 -0.318498
-3.800000 2.600000 0.100000 -0.380328
-3.400000 2.600000 0.100000 -0.455295
-3.000000 2.600000 0.100000 -0.545291
-2.600000 2.600000 0.100000 -0.651470
-2.200000 2.600000 0.100000 -0.773282
-1.800000 2.600000 0.100000 -0.907109
-1.400000 2.600000 0.100000 -1.044799
-1.000000 2.600000 0.100000 -1.172910
-0.600000 2.600000 0.100000 -1.273970
-0.200000 2.600000 0.100000 -1.330634
0.200000 2.600000 0.100000 -1.331753
0.600000 2.600000 0.100000 -1.277100
1.000000 2.600000 0.100000 -1.177467
1.400000 2.600000 0.100000 -1.050076
1.800000 2.600000 0.100000 -0.912486
2.200000 2.600000 0.100000 -0.778333
2.600000 2.600000 0.100000 -0.655967
3.000000 2.600000 0.100000 -0.549157
3.400000 2.600000 0.100000 -0.458545
3.800000 2.600000 0.100000 -0.383024
4.200000 2.600000 0.100000 -0.320718
4.600000 2.600000 0.100000 -0.269566
5.000000 2.600000 0.100000 -0.227627
5.400000 2.600000 0.100000 -0.193202
5.800000 2.600000 0.100000 -0.164866
6.200000 2.600000 0.100000 -0.141450
6.600000 2.600000 0.100000 -0.122014
7.000000 2.600000 0.100000 -0.105801
7.400000 2.600000 0.100000 -0.092208
7.800000 2.600000 0.100000 -0.080751
8.200000 2.600000 0.100000 -0.071047
8.600000 2.600000 0.100000 -0.062785
9.000000 2.600000 0.100000 -0.055716
9.400000 2.600000 0.100000 -0.049640
9.800000 2.600000 0.100000 -0.044393
-9.800000 3.000000 0.100000 -0.042288
-9.400000 3.000000 0.100000 -0.047144
-9.000000 3.000000 0.100000 -0.052738
-8.600000 3.000000 0.100000 -0.059210
-8.200000 3.000000 0.100000 -0.066728
-7.800000 3.000000 0.100000 -0.075498
-7.400000 3.000000 0.100000 -0.085772
-7.000000 3.000000 0.100000 -0.097860
-6.600000 3.000000 0.100000 -0.112138
-6.200000 3.000000 0.100000 -0.129073
-5.800000 3.000000 0.100000 -0.149228
-5.400000 3.000000 0.100000 -0.173288
-5.000000 3.000000 0.100000 -0.202072
-4.600000 3.000000 0.100000 -0.236533
-4.200000 3.000000 0.100000 -0.277752
-3.800000 3.000000 0.100000 -0.326875
-3.400000 3.000000 0.100000 -0.384989
-3.000000 3.000000 0.100000 -0.452892
-2.600000 3.000000 0.100000 -0.530697
-2.200000 3.000000 0.100000 -0.617271
-1.800000 3.000000 0.100000 -0.709538
-1.400000 3.000000 0.100000 -0.801884
-1.000000 3.000000 0.100000 -0.886052
-0.600000 3.000000 0.100000 -0.952060
-0.200000 3.000000 0.100000 -0.990355
0.200000 3.000000 0.100000 -0.994681
0.600000 3.000000 0.100000 -0.964296
1.000000 3.000000 0.100000 -0.904256
1.400000 3.000000 0.100000 -0.823575
1.800000 3.000000 0.100000 -0.732371
2.200000 3.000000 0.100000 -0.639458
2.600000 3.000000 0.100000 -0.551117
3.000000 3.000000 0.100000 -0.470999
3.400000 3.000000 0.100000 -0.400648
3.800000 3.000000 0.100000 -0.340196
4.200000 3.000000 0.100000 -0.288971
4.600000 3.000000 0.100000 -0.245927
5.000000 3.000000 0.100000 -0.209918
5.400000 3.000000 0.100000 -0.179842
5.800000 3.000000 0.100000 -0.154709
6.200000 3.000000 0.100000 -0.133668
6.600000 3.000000 0.100000 -0.116004
7.000000 3.000000 0.100000 -0.101124
7.400000 3.000000 0.100000 -0.088540
7.800000 3.000000 0.100000 -0.077854
8.200000 3.000000 0.100000 -0.068742
8.600000 3.000000 0.100000 -0.060939
9.000000 3.000000 0.100000 -0.054229
9.400000 3.000000 0.100000 -0.048435
9.800000 3.000000 0.100000 -0.043410
-9.800000 3.400000 0.100000 -0.040185
-9.400000 3.400000 0.100000 -0.044651
-9.000000 3.400000 0.100000 -0.049767
-8.600000 3.400000 0.100000 -0.055650
-8.200000 3.400000 0.100000 -0.062437
-7.800000 3.400000 0.100000 -0.070294
-7.400000 3.400000 0.100000 -0.079420
-7.000000 3.400000 0.100000 -0.090057
-6.600000 3.400000 0.100000 -0.102490
-6.200000 3.400000 0.100000 -0.117063
-5.800000 3.400000 0.100000 -0.134180
-5.400000 3.400000 0.100000 -0.154315
-5.000000 3.400000 0.100000 -0.178007
-4.600000 3.400000 0.100000 -0.205854
-4.200000 3.400000 0.100000 -0.238484
-3.800000 3.400000 0.100000 -0.276495
-3.400000 3.400000 0.100000 -0.320359
-3.000000 3.400000 0.100000 -0.370254
-2.600000 3.400000 0.100000 -0.425832
-2.200000 3.400000 0.100000 -0.485921
-1.800000 3.400000 0.100000 -0.548215
-1.400000 3.400000 0.100000 -0.609078
-1.000000 3.400000 0.100000 -0.663632
-0.600000 3.400000 0.100000 -0.706318
-0.200000 3.400000 0.100000 -0.731967
0.200000 3.400000 0.100000 -0.737104
0.600000 3.400000 0.100000 -0.720986
1.000000 3.400000 0.100000 -0.685838
1.400000 3.400000 0.100000 -0.636171
1.800000 3.400000 0.100000 -0.577533
2.200000 3.400000 0.100000 -0.515258
2.600000 3.400000 0.100000 -0.453639
3.000000 3.400000 0.100000 -0.395621
3.400000 3.400000 0.100000 -0.342883
3.800000 3.400000 0.100000 -0.296126
4.200000 3.400000 0.100000 -0.255379
4.600000 3.400000 0.100000 -0.220280
5.000000 3.400000 0.100000 -0.190267
5.400000 3.400000 0.100000 -0.164712
5.800000 3.400000 0.100000 -0.142995
6.200000 3.400000 0.100000 -0.124543
6.600000 3.400000 0.100000 -0.108849
7.000000 3.400000 0.100000 -0.095477
7.400000 3.400000 0.100000 -0.084054
7.800000 3.400000 0.100000 -0.074268
8.200000 3.400000 0.100000 -0.065857
8.600000 3.400000 0.100000 -0.058604
9.000000 3.400000 0.100000 -0.052328
9.400000 3.400000 0.100000 -0.046878
9.800000 3.400000 0.100000 -0.042129
-9.800000 3.800000 0.100000 -0.037944
-9.400000 3.800000 0.100000 -0.042006
-9.000000 3.800000 0.100000 -0.046631
-8.600000 3.800000 0.100000 -0.051912
-8.200000 3.800000 0.100000 -0.057958
-7.800000 3.800000 0.100000 -0.064899
-7.400000 3.800000 0.100000 -0.072888
-7.000000 3.800000 0.100000 -0.082103
-6.600000 3.800000 0.100000 -0.092754
-6.200000 3.800000 0.100000 -0.105080
-5.800000 3.800000 0.100000 -0.119358
-5.400000 3.800000 0.100000 -0.135893
-5.000000 3.800000 0.100000 -0.155020
-4.600000 3.800000 0.100000 -0.177080
-4.200000 3.800000 0.100000 -0.202398
-3.800000 3.800000 0.100000 -0.231236
-3.400000 3.800000 0.100000 -0.263720
-3.000000 3.800000 0.100000 -0.299742
-2.600000 3.800000 0.100000 -0.338834
-2.200000 3.800000 0.100000 -0.380026
-1.800000 3.800000 0.100000 -0.421727
-1.400000 3.800000 0.100000 -0.461680
-1.000000 3.800000 0.100000 -0.497070
-0.600000 3.800000 0.100000 -0.524831
-0.200000 3.800000 0.100000 -0.542158
0.200000 3.800000 0.100000 -0.547103
0.600000 3.800000 0.100000 -0.539053
1.000000 3.800000 0.100000 -0.518909
1.400000 3.800000 0.100000 -0.488850
1.800000 3.800000 0.100000 -0.451817
2.200000 3.800000 0.100000 -0.410904
2.600000 3.800000 0.100000 -0.368866
3.000000 3.800000 0.100000 -0.327841
3.400000 3.800000 0.100000 -0.289281
3.800000 3.800000 0.100000 -0.254020
4.200000 3.800000 0.100000 -0.222417
4.600000 3.800000 0.100000 -0.194497
5.000000 3.800000 0.100000 -0.170075
5.400000 3.800000 0.100000 -0.148856
5.800000 3.800000 0.100000 -0.130497
6.200000 3.800000 0.100000 -0.114648
6.600000 3.800000 0.100000 -0.100977
7.000000 3.800000 0.100000 -0.089181
7.400000 3.800000 0.100000 -0.078991
7.800000 3.800000 0.100000 -0.070174
8.200000 3.800000 0.100000 -0.062530
8.600000 3.800000 0.100000 -0.055885
9.000000 3.800000 0.100000 -0.050094
9.400000 3.800000 0.100000 -0.045034
9.800000 3.800000 0.100000 -0.040599
-9.800000 4.200000 0.100000 -0.035617
-9.400000 4.200000 0.100000 -0.039273
-9.000000 4.200000 0.100000 -0.043408
-8.600000 4.200000 0.100000 -0.048094
-8.200000 4.200000 0.100000 -0.053416
-7.800000 4.200000 0.100000 -0.059471
-7.400000 4.200000 0.100000 -0.066372
-7.000000 4.200000 0.100000 -0.074245
-6.600000 4.200000 0.100000 -0.083237
-6.200000 4.200000 0.100000 -0.093507
-5.800000 4.200000 0.100000 -0.105233
-5.400000 4.200000 0.100000 -0.118601
-5.000000 4.200000 0.100000 -0.133797
-4.600000 4.200000 0.100000 -0.150997
-4.200000 4.200000 0.100000 -0.170342
-3.800000 4.200000 0.100000 -0.191905
-3.400000 4.200000 0.100000 -0.215649
-3.000000 4.200000 0.100000 -0.241370
-2.600000 4.200000 0.100000 -0.268641
-2.200000 4.200000 0.100000 -0.296745
-1.800000 4.200000 0.100000 -0.324646
-1.400000 4.200000 0.100000 -0.350983
-1.000000 4.200000 0.100000 -0.374153
-0.600000 4.200000 0.100000 -0.392463
-0.200000 4.200000 0.100000 -0.404373
0.200000 4.200000 0.100000 -0.408762
0.600000 4.200000 0.100000 -0.405166
1.000000 4.200000 0.100000 -0.393885
1.400000 4.200000 0.100000 -0.375930
1.800000 4.200000 0.100000 -0.352814
2.200000 4.200000 0.100000 -0.326278
2.600000 4.200000 0.100000 -0.298015
3.000000 4.200000 0.100000 -0.269478
3.400000 4.200000 0.100000 -0.241780
3.800000 4.200000 0.100000 -0.215685
4.200000 4.200000 0.100000 -0.191644
4.600000 4.200000 0.100000 -0.169862
5.000000 4.200000 0.100000 -0.150371
5.400000 4.200000 0.100000 -0.133084
5.800000 4.200000 0.100000 -0.117847
6.200000 4.200000 0.100000 -0.104473
6.600000 4.200000 0.100000 -0.092764
7.000000 4.200000 0.100000 -0.082525
7.400000 4.200000 0.100000 -0.073575
7.800000 4.200000 0.100000 -0.065748
8.200000 4.200000 0.100000 -0.058895
8.600000 4.200000 0.100000 -0.052887
9.000000 4.200000 0.100000 -0.047610
9.400000 4.200000 0.100000 -0.042967
9.800000 4.200000 0.100000 -0.038872
-9.800000 4.600000 0.100000 -0.033251
-9.400000 4.600000 0.100000 -0.036511
-9.000000 4.600000 0.100000 -0.040170
-8.600000 4.600000 0.100000 -0.044285
-8.200000 4.600000 0.100000 -0.048917
-7.800000 4.600000 0.100000 -0.054138
-7.400000 4.600000 0.100000 -0.060027
-7.000000 4.600000 0.100000 -0.066671
-6.600000 4.600000 0.100000 -0.074166
-6.200000 4.600000 0.100000 -0.082613
-5.800000 4.600000 0.100000 -0.092117
-5.400000 4.600000 0.100000 -0.102781
-5.000000 4.600000 0.100000 -0.114699
-4.600000 4.600000 0.100000 -0.127944
-4.200000 4.600000 0.100000 -0.142553
-3.800000 4.600000 0.100000 -0.158510
-3.400000 4.600000 0.100000 -0.175716
-3.000000 4.600000 0.100000 -0.193968
-2.600000 4.600000 0.100000 -0.212931
-2.200000 4.600000 0.100000 -0.232115
-1.800000 4.600000 0.100000 -0.250868
-1.400000 4.600000 0.100000 -0.268390
-1.000000 4.600000 0.100000 -0.283772
-0.600000 4.600000 0.100000 -0.296074
-0.200000 4.600000 0.100000 -0.304433
0.200000 4.600000 0.100000 -0.308189
0.600000 4.600000 0.100000 -0.306997
1.000000 4.600000 0.100000 -0.300900
1.400000 4.600000 0.100000 -0.290333
1.800000 4.600000 0.100000 -0.276051
2.200000 4.600000 0.100000 -0.259003
2.600000 4.600000 0.100000 -0.240198
3.000000 4.600000 0.100000 -0.220579
3.400000 4.600000 0.100000 -0.200942
3.800000 4.600000 0.100000 -0.181901
4.200000 4.600000 0.100000 -0.163882
4.600000 4.600000 0.100000 -0.147150
5.000000 4.600000 0.100000 -0.131835
5.400000 4.600000 0.100000 -0.117970
5.800000 4.600000 0.100000 -0.105518
6.200000 4.600000 0.100000 -0.094402
6.600000 4.600000 0.100000 -0.084519
7.000000 4.600000 0.100000 -0.075757
7.400000 4.600000 0.100000 -0.068002
7.800000 4.600000 0.100000 -0.061143
8.200000 4.600000 0.100000 -0.055076
8.600000 4.600000 0.100000 -0.049709
9.000000 4.600000 0.100000 -0.044955
9.400000 4.600000 0.100000 -0.040740
9.800000 4.600000 0.100000 -0.036997
-9.800000 5.000000 0.100000 -0.030889
-9.400000 5.000000 0.100000 -0.033769
-9.000000 5.000000 0.100000 -0.036977
-8.600000 5.000000 0.100000 -0.040554
-8.200000 5.000000 0.100000 -0.044546
-7.800000 5.000000 0.100000 -0.049001
-7.400000 5.000000 0.100000 -0.053972
-7.000000 5.000000 0.100000 -0.059517
-6.600000 5.000000 0.100000 -0.065695
-6.200000 5.000000 0.100000 -0.072563
-5.800000 5.000000 0.100000 -0.080180
-5.400000 5.000000 0.100000 -0.088594
-5.000000 5.000000 0.100000 -0.097843
-4.600000 5.000000 0.100000 -0.107942
-4.200000 5.000000 0.100000 -0.118879
-3.800000 5.000000 0.100000 -0.130602
-3.400000 5.000000 0.100000 -0.143005
-3.000000 5.000000 0.100000 -0.155921
-2.600000 5.000000 0.100000 -0.169111
-2.200000 5.000000 0.100000 -0.182256
-1.800000 5.000000 0.100000 -0.194960
-1.400000 5.000000 0.100000 -0.206760
-1.000000 5.000000 0.100000 -0.217141
-0.600000 5.000000 0.100000 -0.225579
-0.200000 5.000000 0.100000 -0.231578
0.200000 5.000000 0.100000 -0.234736
0.600000 5.000000 0.100000 -0.234801
1.000000 5.000000 0.100000 -0.231716
1.400000 5.000000 0.100000 -0.225638
1.800000 5.000000 0.100000 -0.216923
2.200000 5.000000 0.100000 -0.206073
2.600000 5.000000 0.100000 -0.193671
3.000000 5.000000 0.100000 -0.180307
3.400000 5.000000 0.100000 -0.166525
3.800000 5.000000 0.100000 -0.152783
4.200000 5.000000 0.100000 -0.139437
4.600000 5.000000 0.100000 -0.126741
5.000000 5.000000 0.100000 -0.114860
5.400000 5.000000 0.100000 -0.103882
5.800000 5.000000 0.100000 -0.093837
6.200000 5.000000 0.100000 -0.084715
6.600000 5.000000 0.100000 -0.076479
7.000000 5.000000 0.100000 -0.069074
7.400000 5.000000 0.100000 -0.062434
7.800000 5.000000 0.100000 -0.056493
8.200000 5.000000 0.100000 -0.051182
8.600000 5.000000 0.100000 -0.046438
9.000000 5.000000 0.100000 -0.042199
9.400000 5.000000 0.100000 -0.038410
9.800000 5.000000 0.100000 -0.035021
-9.800000 5.400000 0.100000 -0.028566
-9.400000 5.400000 0.100000 -0.031088
-9.000000 5.400000 0.100000 -0.033876
-8.600000 5.400000 0.100000 -0.036958
-8.200000 5.400000 0.100000 -0.040366
-7.800000 5.400000 0.100000 -0.044131
-7.400000 5.400000 0.100000 -0.048287
-7.000000 5.400000 0.100000 -0.052870
-6.600000 5.400000 0.100000 -0.057911
-6.200000 5.400000 0.100000 -0.063442
-5.800000 5.400000 0.100000 -0.069488
-5.400000 5.400000 0.100000 -0.076066
-5.000000 5.400000 0.100000 -0.083181
-4.600000 5.400000 0.100000 -0.090822
-4.200000 5.400000 0.100000 -0.098957
-3.800000 5.400000 0.100000 -0.107527
-3.400000 5.400000 0.100000 -0.116442
-3.000000 5.400000 0.100000 -0.125580
-2.600000 5.400000 0.100000 -0.134778
-2.200000 5.400000 0.100000 -0.143840
-1.800000 5.400000 0.100000 -0.152531
-1.400000 5.400000 0.100000 -0.160588
-1.000000 5.400000 0.100000 -0.167721
-0.600000 5.400000 0.100000 -0.173633
-0.200000 5.400000 0.100000 -0.178033
0.200000 5.400000 0.100000 -0.180669
0.600000 5.400000 0.100000 -0.181356
1.000000 5.400000 0.100000 -0.180005
1.400000 5.400000 0.100000 -0.176647
1.800000 5.400000 0.100000 -0.171431
2.200000 5.400000 0.100000 -0.164608
2.600000 5.400000 0.100000 -0.156505
3.000000 5.400000 0.100000 -0.147481
3.400000 5.400000 0.100000 -0.137892
3.800000 5.400000 0.100000 -0.128065
4.200000 5.400000 0.100000 -0.118275
4.600000 5.400000 0.100000 -0.108740
5.000000 5.400000 0.100000 -0.099620
5.400000 5.400000 0.100000 -0.091021
5.800000 5.400000 0.100000 -0.083007
6.200000 5.400000 0.100000 -0.075604
6.600000 5.400000 0.100000 -0.068815
7.000000 5.400000 0.100000 -0.062623
7.400000 5.400000 0.100000 -0.056998
7.800000 5.400000 0.100000 -0.051905
8.200000 5.400000 0.100000 -0.047302
8.600000 5.400000 0.100000 -0.043150
9.000000 5.400000 0.100000 -0.039405
9.400000 5.400000 0.100000 -0.036031
9.800000 5.400000 0.100000 -0.032989
-9.800000 5.800000 0.100000 -0.026311
-9.400000 5.800000 0.100000 -0.028503
-9.000000 5.800000 0.100000 -0.030906
-8.600000 5.800000 0.100000 -0.033539
-8.200000 5.800000 0.100000 -0.036423
-7.800000 5.800000 0.100000 -0.039577
-7.400000 5.800000 0.100000 -0.043022
-7.000000 5.800000 0.100000 -0.046775
-6.600000 5.800000 0.100000 -0.050853
-6.200000 5.800000 0.100000 -0.055269
-5.800000 5.800000 0.100000 -0.060028
-5.400000 5.800000 0.100000 -0.065130
-5.000000 5.800000 0.100000 -0.070565
-4.600000 5.800000 0.100000 -0.076312
-4.200000 5.800000 0.100000 -0.082333
-3.800000 5.800000 0.100000 -0.088578
-3.400000 5.800000 0.100000 -0.094979
-3.000000 5.800000 0.100000 -0.101451
-2.600000 5.800000 0.100000 -0.107892
-2.200000 5.800000 0.100000 -0.114186
-1.800000 5.800000 0.100000 -0.120198
-1.400000 5.800000 0.100000 -0.125780
-1.000000 5.800000 0.100000 -0.130773
-0.600000 5.800000 0.100000 -0.135004
-0.200000 5.800000 0.100000 -0.138299
0.200000 5.800000 0.100000 -0.140495
0.600000 5.800000 0.100000 -0.141455
1.000000 5.800000 0.100000 -0.141090
1.400000 5.800000 0.100000 -0.139374
1.800000 5.800000 0.100000 -0.136351
2.200000 5.800000 0.100000 -0.132139
2.600000 5.800000 0.100000 -0.126909
3.000000 5.800000 0.100000 -0.120874
3.400000 5.800000 0.100000 -0.114261
3.800000 5.800000 0.100000 -0.107293
4.200000 5.800000 0.100000 -0.100174
4.600000 5.800000 0.100000 -0.093076
5.000000 5.800000 0.100000 -0.086138
5.400000 5.800000 0.100000 -0.079466
5.800000 5.800000 0.100000 -0.073131
6.200000 5.800000 0.100000 -0.067181
6.600000 5.800000 0.100000 -0.061638
7.000000 5.800000 0.100000 -0.056509
7.400000 5.800000 0.100000 -0.051789
7.800000 5.800000 0.100000 -0.047463
8.200000 5.800000 0.100000 -0.043510
8.600000 5.800000 0.100000 -0.039906
9.000000 5.800000 0.100000 -0.036627
9.400000 5.800000 0.100000 -0.033647
9.800000 5.800000 0.100000 -0.030939
-9.800000 6.200000 0.100000 -0.024146
-9.400000 6.200000 0.100000 -0.026037
-9.000000 6.200000 0.100000 -0.028092
-8.600000 6.200000 0.100000 -0.030325
-8.200000 6.200000 0.100000 -0.032746
-7.800000 6.200000 0.100000 -0.035368
-7.400000 6.200000 0.100000 -0.038199
-7.000000 6.200000 0.100000 -0.041249
-6.600000 6.200000 0.100000 -0.044522
-6.200000 6.200000 0.100000 -0.048020
-5.800000 6.200000 0.100000 -0.051739
-5.400000 6.200000 0.100000 -0.055670
-5.000000 6.200000 0.100000 -0.059797
-4.600000 6.200000 0.100000 -0.064097
-4.200000 6.200000 0.100000 -0.068537
-3.800000 6.200000 0.100000 -0.073078
-3.400000 6.200000 0.100000 -0.077673
-3.000000 6.200000 0.100000 -0.082267
-2.600000 6.200000 0.100000 -0.086801
-2.200000 6.200000 0.100000 -0.091208
-1.800000 6.200000 0.100000 -0.095416
-1.400000 6.200000 0.100000 -0.099344
-1.000000 6.200000 0.100000 -0.102903
-0.600000 6.200000 0.100000 -0.105994
-0.200000 6.200000 0.100000 -0.108510
0.200000 6.200000 0.100000 -0.110341
0.600000 6.200000 0.100000 -0.111387
1.000000 6.200000 0.100000 -0.111566
1.400000 6.200000 0.100000 -0.110833
1.800000 6.200000 0.100000 -0.109184
2.200000 6.200000 0.100000 -0.106659
2.600000 6.200000 0.100000 -0.103346
3.000000 6.200000 0.100000 -0.099362
3.400000 6.200000 0.100000 -0.094847
3.800000 6.200000 0.100000 -0.089951
4.200000 6.200000 0.100000 -0.084816
4.600000 6.200000 0.100000 -0.079576
5.000000 6.200000 0.100000 -0.074342
5.400000 6.200000 0.100000 -0.069207
5.800000 6.200000 0.100000 -0.064242
6.200000 6.200000 0.100000 -0.059499
6.600000 6.200000 0.100000 -0.055011
7.000000 6.200000 0.100000 -0.050799
7.400000 6.200000 0.100000 -0.046871
7.800000 6.200000 0.100000 -0.043226
8.200000 6.200000 0.100000 -0.039859
8.600000 6.200000 0.100000 -0.036757
9.000000 6.200000 0.100000 -0.033908
9.400000 6.200000 0.100000 -0.031295
9.800000 6.200000 0.100000 -0.028901
-9.800000 6.600000 0.100000 -0.022088
-9.400000 6.600000 0.100000 -0.023707
-9.000000 6.600000 0.100000 -0.025453
-8.600000 6.600000 0.100000 -0.027332
-8.200000 6.600000 0.100000 -0.029350
-7.800000 6.600000 0.100000 -0.031513
-7.400000 6.600000 0.100000 -0.033824
-7.000000 6.600000 0.100000 -0.036283
-6.600000 6.600000 0.100000 -0.038891
-6.200000 6.600000 0.100000 -0.041643
-5.800000 6.600000 0.100000 -0.044530
-5.400000 6.600000 0.100000 -0.047540
-5.000000 6.600000 0.100000 -0.050657
-4.600000 6.600000 0.100000 -0.053860
-4.200000 6.600000 0.100000 -0.057124
-3.800000 6.600000 0.100000 -0.060422
-3.400000 6.600000 0.100000 -0.063722
-3.000000 6.600000 0.100000 -0.066993
-2.600000 6.600000 0.100000 -0.070202
-2.200000 6.600000 0.100000 -0.073315
-1.800000 6.600000 0.100000 -0.076296
-1.400000 6.600000 0.100000 -0.079103
-1.000000 6.600000 0.100000 -0.081686
-0.600000 6.600000 0.100000 -0.083990
-0.200000 6.600000 0.100000 -0.085944
0.200000 6.600000 0.100000 -0.087476
0.600000 6.600000 0.100000 -0.088509
1.000000 6.600000 0.100000 -0.088974
1.400000 6.600000 0.100000 -0.088822
1.800000 6.600000 0.100000 -0.088027
2.200000 6.600000 0.100000 -0.086591
2.600000 6.600000 0.100000 -0.084552
3.000000 6.600000 0.100000 -0.081971
3.400000 6.600000 0.100000 -0.078930
3.800000 6.600000 0.100000 -0.075525
4.200000 6.600000 0.100000 -0.071856
4.600000 6.600000 0.100000 -0.068019
5.000000 6.600000 0.100000 -0.064102
5.400000 6.600000 0.100000 -0.060181
5.800000 6.600000 0.100000 -0.056320
6.200000 6.600000 0.100000 -0.052568
6.600000 6.600000 0.100000 -0.048962
7.000000 6.600000 0.100000 -0.045529
7.400000 6.600000 0.100000 -0.042285
7.800000 6.600000 0.100000 -0.039237
8.200000 6.600000 0.100000 -0.036389
8.600000 6.600000 0.100000 -0.033739
9.000000 6.600000 0.100000 -0.031280
9.400000 6.600000 0.100000 -0.029005
9.800000 6.600000 0.100000 -0.026904
-9.800000 7.000000 0.100000 -0.020148
-9.400000 7.000000 0.100000 -0.021526
-9.000000 7.000000 0.100000 -0.022998
-8.600000 7.000000 0.100000 -0.024569
-8.200000 7.000000 0.100000 -0.026239
-7.800000 7.000000 0.100000 -0.028011
-7.400000 7.000000 0.100000 -0.029883
-7.000000 7.000000 0.100000 -0.031853
-6.600000 7.000000 0.100000 -0.033917
-6.200000 7.000000 0.100000 -0.036068
-5.800000 7.000000 0.100000 -0.038295
-5.400000 7.000000 0.100000 -0.040587
-5.000000 7.000000 0.100000 -0.042929
-4.600000 7.000000 0.100000 -0.045306
-4.200000 7.000000 0.100000 -0.047699
-3.800000 7.000000 0.100000 -0.050090
-3.400000 7.000000 0.100000 -0.052462
-3.000000 7.000000 0.100000 -0.054798
-2.600000 7.000000 0.100000 -0.057083
-2.200000 7.000000 0.100000 -0.059302
-1.800000 7.000000 0.100000 -0.061439
-1.400000 7.000000 0.100000 -0.063475
-1.000000 7.000000 0.100000 -0.065385
-0.600000 7.000000 0.100000 -0.067133
-0.200000 7.000000 0.100000 -0.068677
0.200000 7.000000 0.100000 -0.069963
0.600000 7.000000 0.100000 -0.070934
1.000000 7.000000 0.100000 -0.071535
1.400000 7.000000 0.100000 -0.071717
1.800000 7.000000 0.100000 -0.071447
2.200000 7.000000 0.100000 -0.070711
2.600000 7.000000 0.100000 -0.069516
3.000000 7.000000 0.100000 -0.067891
3.400000 7.000000 0.100000 -0.065882
3.800000 7.000000 0.100000 -0.063548
4.200000 7.000000 0.100000 -0.060955
4.600000 7.000000 0.100000 -0.058171
5.000000 7.000000 0.100000 -0.055264
5.400000 7.000000 0.100000 -0.052293
5.800000 7.000000 0.100000 -0.049312
6.200000 7.000000 0.100000 -0.046366
6.600000 7.000000 0.100000 -0.043490
7.000000 7.000000 0.100000 -0.040711
7.400000 7.000000 0.100000 -0.038050
7.800000 7.000000 0.100000 -0.035519
8.200000 7.000000 0.100000 -0.033127
8.600000 7.000000 0.100000 -0.030877
9.000000 7.000000 0.100000 -0.028769
9.400000 7.000000 0.100000 -0.026801
9.800000 7.000000 0.100000 -0.024968
-9.800000 7.400000 0.100000 -0.018333
-9.400000 7.400000 0.100000 -0.019498
-9.000000 7.400000 0.100000 -0.020732
-8.600000 7.400000 0.100000 -0.022036
-8.200000 7.400000 0.100000 -0.023409
-7.800000 7.400000 0.100000 -0.024850
-7.400000 7.400000 0.100000 -0.026357
-7.000000 7.400000 0.100000 -0.027925
-6.600000 7.400000 0.100000 -0.029547
-6.200000 7.400000 0.100000 -0.031217
-5.800000 7.400000 0.100000 -0.032924
-5.400000 7.400000 0.100000 -0.034660
-5.000000 7.400000 0.100000 -0.036411
-4.600000 7.400000 0.100000 -0.038167
-4.200000 7.400000 0.100000 -0.039916
-3.800000 7.400000 0.100000 -0.041648
-3.400000 7.400000 0.100000 -0.043353
-3.000000 7.400000 0.100000 -0.045027
-2.600000 7.400000 0.100000 -0.046664
-2.200000 7.400000 0.100000 -0.048260
-1.800000 7.400000 0.100000 -0.049811
-1.400000 7.400000 0.100000 -0.051311
-1.000000 7.400000 0.100000 -0.052747
-0.600000 7.400000 0.100000 -0.054097
-0.200000 7.400000 0.100000 -0.055333
0.200000 7.400000 0.100000 -0.056418
0.600000 7.400000 0.100000 -0.057307
1.000000 7.400000 0.100000 -0.057956
1.400000 7.400000 0.100000 -0.058321
1.800000 7.400000 0.100000 -0.058369
2.200000 7.400000 0.100000 -0.058078
2.600000 7.400000 0.100000 -0.057440
3.000000 7.400000 0.100000 -0.056465
3.400000 7.400000 0.100000 -0.055175
3.800000 7.400000 0.100000 -0.053606
4.200000 7.400000 0.100000 -0.051799
4.600000 7.400000 0.100000 -0.049803
5.000000 7.400000 0.100000 -0.047665
5.400000 7.400000 0.100000 -0.045433
5.800000 7.400000 0.100000 -0.043149
6.200000 7.400000 0.100000 -0.040852
6.600000 7.400000 0.100000 -0.038574
7.000000 7.400000 0.100000 -0.036340
7.400000 7.400000 0.100000 -0.034171
7.800000 7.400000 0.100000 -0.032083
8.200000 7.400000 0.100000 -0.030086
8.600000 7.400000 0.100000 -0.028188
9.000000 7.400000 0.100000 -0.026392
9.400000 7.400000 0.100000 -0.024699
9.800000 7.400000 0.100000 -0.023110
-9.800000 7.800000 0.100000 -0.016645
-9.400000 7.800000 0.100000 -0.017624
-9.000000 7.800000 0.100000 -0.018651
-8.600000 7.800000 0.100000 -0.019727
-8.200000 7.800000 0.100000 -0.020849
-7.800000 7.800000 0.100000 -0.022014
-7.400000 7.800000 0.100000 -0.023218
-7.000000 7.800000 0.100000 -0.024457
-6.600000 7.800000 0.100000 -0.025723
-6.200000 7.800000 0.100000 -0.027011
-5.800000 7.800000 0.100000 -0.028312
-5.400000 7.800000 0.100000 -0.029618
-5.000000 7.800000 0.100000 -0.030921
-4.600000 7.800000 0.100000 -0.032212
-4.200000 7.800000 0.100000 -0.033486
-3.800000 7.800000 0.100000 -0.034737
-3.400000 7.800000 0.100000 -0.035964
-3.000000 7.800000 0.100000 -0.037166
-2.600000 7.800000 0.100000 -0.038346
-2.200000 7.800000 0.100000 -0.039504
-1.800000 7.800000 0.100000 -0.040645
-1.400000 7.800000 0.100000 -0.041766
-1.000000 7.800000 0.100000 -0.042863
-0.600000 7.800000 0.100000 -0.043923
-0.200000 7.800000 0.100000 -0.044926
0.200000 7.800000 0.100000 -0.045845
0.600000 7.800000 0.100000 -0.046647
1.000000 7.800000 0.100000 -0.047294
1.400000 7.800000 0.100000 -0.047750
1.800000 7.800000 0.100000 -0.047984
2.200000 7.800000 0.100000 -0.047971
2.600000 7.800000 0.100000 -0.047698
3.000000 7.800000 0.100000 -0.047162
3.400000 7.800000 0.100000 -0.046373
3.800000 7.800000 0.100000 -0.045347
4.200000 7.800000 0.100000 -0.044113
4.600000 7.800000 0.100000 -0.042702
5.000000 7.800000 0.100000 -0.041149
5.400000 7.800000 0.100000 -0.039488
5.800000 7.800000 0.100000 -0.037753
6.200000 7.800000 0.100000 -0.035975
6.600000 7.800000 0.100000 -0.034182
7.000000 7.800000 0.100000 -0.032398
7.400000 7.800000 0.100000 -0.030642
7.800000 7.800000 0.100000 -0.028929
8.200000 7.800000 0.100000 -0.027272
8.600000 7.800000 0.100000 -0.025680
9.000000 7.800000 0.100000 -0.024159
9.400000 7.800000 0.100000 -0.022711
9.800000 7.800000 0.100000 -0.021340
-9.800000 8.200000 0.100000 -0.015085
-9.400000 8.200000 0.100000 -0.015902
-9.000000 8.200000 0.100000 -0.016752
-8.600000 8.200000 0.100000 -0.017633
-8.200000 8.200000 0.100000 -0.018543
-7.800000 8.200000 0.100000 -0.019478
-7.400000 8.200000 0.100000 -0.020434
-7.000000 8.200000 0.100000 -0.021406
-6.600000 8.200000 0.100000 -0.022388
-6.200000 8.200000 0.100000 -0.023375
-5.800000 8.200000 0.100000 -0.024359
-5.400000 8.200000 0.100000 -0.025335
-5.000000 8.200000 0.100000 -0.026297
-4.600000 8.200000 0.100000 -0.027242
-4.200000 8.200000 0.100000 -0.028165
-3.800000 8.200000 0.100000 -0.029067
-3.400000 8.200000 0.100000 -0.029949
-3.000000 8.200000 0.100000 -0.030815
-2.600000 8.200000 0.100000 -0.031669
-2.200000 8.200000 0.100000 -0.032518
-1.800000 8.200000 0.100000 -0.033367
-1.400000 8.200000 0.100000 -0.034218
-1.000000 8.200000 0.100000 -0.035069
-0.600000 8.200000 0.100000 -0.035913
-0.200000 8.200000 0.100000 -0.036737
0.200000 8.200000 0.100000 -0.037520
0.600000 8.200000 0.100000 -0.038235
1.000000 8.200000 0.100000 -0.038854
1.400000 8.200000 0.100000 -0.039346
1.800000 8.200000 0.100000 -0.039682
2.200000 8.200000 0.100000 -0.039839
2.600000 8.200000 0.100000 -0.039802
3.000000 8.200000 0.100000 -0.039560
3.400000 8.200000 0.100000 -0.039116
3.800000 8.200000 0.100000 -0.038477
4.200000 8.200000 0.100000 -0.037658
4.600000 8.200000 0.100000 -0.036681
5.000000 8.200000 0.100000 -0.035568
5.400000 8.200000 0.100000 -0.034347
5.800000 8.200000 0.100000 -0.033041
6.200000 8.200000 0.100000 -0.031677
6.600000 8.200000 0.100000 -0.030277
7.000000 8.200000 0.100000 -0.028861
7.400000 8.200000 0.100000 -0.027448
7.800000 8.200000 0.100000 -0.026052
8.200000 8.200000 0.100000 -0.024685
8.600000 8.200000 0.100000 -0.023357
9.000000 8.200000 0.100000 -0.022075
9.400000 8.200000 0.100000 -0.020844
9.800000 8.200000 0.100000 -0.019667
-9.800000 8.600000 0.100000 -0.013649
-9.400000 8.600000 0.100000 -0.014327
-9.000000 8.600000 0.100000 -0.015026
-8.600000 8.600000 0.100000 -0.015743
-8.200000 8.600000 0.100000 -0.016476
-7.800000 8.600000 0.100000 -0.017221
-7.400000 8.600000 0.100000 -0.017974
-7.000000 8.600000 0.100000 -0.018731
-6.600000 8.600000 0.100000 -0.019487
-6.200000 8.600000 0.100000 -0.020236
-5.800000 8.600000 0.100000 -0.020974
-5.400000 8.600000 0.100000 -0.021698
-5.000000 8.600000 0.100000 -0.022403
-4.600000 8.600000 0.100000 -0.023089
-4.200000 8.600000 0.100000 -0.023755
-3.800000 8.600000 0.100000 -0.024402
-3.400000 8.600000 0.100000 -0.025035
-3.000000 8.600000 0.100000 -0.025660
-2.600000 8.600000 0.100000 -0.026282
-2.200000 8.600000 0.100000 -0.026910
-1.800000 8.600000 0.100000 -0.027549
-1.400000 8.600000 0.100000 -0.028204
-1.000000 8.600000 0.100000 -0.028874
-0.600000 8.600000 0.100000 -0.029557
-0.200000 8.600000 0.100000 -0.030240
0.200000 8.600000 0.100000 -0.030910
0.600000 8.600000 0.100000 -0.031545
1.000000 8.600000 0.100000 -0.032122
1.400000 8.600000 0.100000 -0.032616
1.800000 8.600000 0.100000 -0.033002
2.200000 8.600000 0.100000 -0.033259
2.600000 8.600000 0.100000 -0.033370
3.000000 8.600000 0.100000 -0.033324
3.400000 8.600000 0.100000 -0.033116
3.800000 8.600000 0.100000 -0.032749
4.200000 8.600000 0.100000 -0.032231
4.600000 8.600000 0.100000 -0.031573
5.000000 8.600000 0.100000 -0.030792
5.400000 8.600000 0.100000 -0.029907
5.800000 8.600000 0.100000 -0.028936
6.200000 8.600000 0.100000 -0.027899
6.600000 8.600000 0.100000 -0.026815
7.000000 8.600000 0.100000 -0.025700
7.400000 8.600000 0.100000 -0.024570
7.800000 8.600000 0.100000 -0.023439
8.200000 8.600000 0.100000 -0.022318
8.600000 8.600000 0.100000 -0.021217
9.000000 8.600000 0.100000 -0.020142
9.400000 8.600000 0.100000 -0.019100
9.800000 8.600000 0.100000 -0.018095
-9.800000 9.000000 0.100000 -0.012333
-9.400000 9.000000 0.100000 -0.012892
-9.000000 9.000000 0.100000 -0.013462
-8.600000 9.000000 0.100000 -0.014042
-8.200000 9.000000 0.100000 -0.014628
-7.800000 9.000000 0.100000 -0.015217
-7.400000 9.000000 0.100000 -0.015806
-7.000000 9.000000 0.100000 -0.016390
-6.600000 9.000000 0.100000 -0.016966
-6.200000 9.000000 0.100000 -0.017529
-5.800000 9.000000 0.100000 -0.018078
-5.400000 9.000000 0.100000 -0.018609
-5.000000 9.000000 0.100000 -0.019121
-4.600000 9.000000 0.100000 -0.019614
-4.200000 9.000000 0.100000 -0.020090
-3.800000 9.000000 0.100000 -0.020552
-3.400000 9.000000 0.100000 -0.021005
-3.000000 9.000000 0.100000 -0.021456
-2.600000 9.000000 0.100000 -0.021912
-2.200000 9.000000 0.100000 -0.022380
-1.800000 9.000000 0.100000 -0.022868
-1.400000 9.000000 0.100000 -0.023379
-1.000000 9.000000 0.100000 -0.023914
-0.600000 9.000000 0.100000 -0.024472
-0.200000 9.000000 0.100000 -0.025045
0.200000 9.000000 0.100000 -0.025621
0.600000 9.000000 0.100000 -0.026183
1.000000 9.000000 0.100000 -0.026713
1.400000 9.000000 0.100000 -0.027190
1.800000 9.000000 0.100000 -0.027594
2.200000 9.000000 0.100000 -0.027904
2.600000 9.000000 0.100000 -0.028105
3.000000 9.000000 0.100000 -0.028186
3.400000 9.000000 0.100000 -0.028139
3.800000 9.000000 0.100000 -0.027962
4.200000 9.000000 0.100000 -0.027659
4.600000 9.000000 0.100000 -0.027236
5.000000 9.000000 0.100000 -0.026704
5.400000 9.000000 0.100000 -0.026075
5.800000 9.000000 0.100000 -0.025364
6.200000 9.000000 0.100000 -0.024585
6.600000 9.000000 0.100000 -0.023753
7.000000 9.000000 0.100000 -0.022883
7.400000 9.000000 0.100000 -0.021986
7.800000 9.000000 0.100000 -0.021076
8.200000 9.000000 0.100000 -0.020162
8.600000 9.000000 0.100000 -0.019253
9.000000 9.000000 0.100000 -0.018357
9.400000 9.000000 0.100000 -0.017479
9.800000 9.000000 0.100000 -0.016626
-9.800000 9.400000 0.100000 -0.011131
-9.400000 9.400000 0.100000 -0.011589
-9.000000 9.400000 0.100000 -0.012051
-8.600000 9.400000 0.100000 -0.012516
-8.200000 9.400000 0.100000 -0.012981
-7.800000 9.400000 0.100000 -0.013443
-7.400000 9.400000 0.100000 -0.013898
-7.000000 9.400000 0.100000 -0.014344
-6.600000 9.400000 0.100000 -0.014778
-6.200000 9.400000 0.100000 -0.015197
-5.800000 9.400000 0.100000 -0.015599
-5.400000 9.400000 0.100000 -0.015984
-5.000000 9.400000 0.100000 -0.016350
-4.600000 9.400000 0.100000 -0.016701
-4.200000 9.400000 0.100000 -0.017037
-3.800000 9.400000 0.100000 -0.017364
-3.400000 9.400000 0.100000 -0.017687
-3.000000 9.400000 0.100000 -0.018012
-2.600000 9.400000 0.100000 -0.018348
-2.200000 9.400000 0.100000 -0.018701
-1.800000 9.400000 0.100000 -0.019077
-1.400000 9.400000 0.100000 -0.019481
-1.000000 9.400000 0.100000 -0.019915
-0.600000 9.400000 0.100000 -0.020376
-0.200000 9.400000 0.100000 -0.020860
0.200000 9.400000 0.100000 -0.021357
0.600000 9.400000 0.100000 -0.021855
1.000000 9.400000 0.100000 -0.022337
1.400000 9.400000 0.100000 -0.022787
1.800000 9.400000 0.100000 -0.023188
2.200000 9.400000 0.100000 -0.023522
2.600000 9.400000 0.100000 -0.023775
3.000000 9.400000 0.100000 -0.023935
3.400000 9.400000 0.100000 -0.023995
3.800000 9.400000 0.100000 -0.023950
4.200000 9.400000 0.100000 -0.023800
4.600000 9.400000 0.100000 -0.023549
5.000000 9.400000 0.100000 -0.023202
5.400000 9.400000 0.100000 -0.022769
5.800000 9.400000 0.100000 -0.022258
6.200000 9.400000 0.100000 -0.021682
6.600000 9.400000 0.100000 -0.021051
7.000000 9.400000 0.100000 -0.020377
7.400000 9.400000 0.100000 -0.019672
7.800000 9.400000 0.100000 -0.018944
8.200000 9.400000 0.100000 -0.018203
8.600000 9.400000 0.100000 -0.017458
9.000000 9.400000 0.100000 -0.016715
9.400000 9.400000 0.100000 -0.015980
9.800000 9.400000 0.100000 -0.015258
-9.800000 9.800000 0.100000 -0.010037
-9.400000 9.800000 0.100000 -0.010409
-9.000000 9.800000 0.100000 -0.010781
-8.600000 9.800000 0.100000 -0.011150
-8.200000 9.800000 0.100000 -0.011515
-7.800000 9.800000 0.100000 -0.011873
-7.400000 9.800000 0.100000 -0.012222
-7.000000 9.800000 0.100000 -0.012558
-6.600000 9.800000 0.100000 -0.012880
-6.200000 9.800000 0.100000 -0.013187
-5.800000 9.800000 0.100000 -0.013477
-5.400000 9.800000 0.100000 -0.013751
-5.000000 9.800000 0.100000 -0.014009
-4.600000 9.800000 0.100000 -0.014253
-4.200000 9.800000 0.100000 -0.014487
-3.800000 9.800000 0.100000 -0.014715
-3.400000 9.800000 0.100000 -0.014944
-3.000000 9.800000 0.100000 -0.015179
-2.600000 9.800000 0.100000 -0.015427
-2.200000 9.800000 0.100000 -0.015695
-1.800000 9.800000 0.100000 -0.015989
-1.400000 9.800000 0.100000 -0.016313
-1.000000 9.800000 0.100000 -0.016668
-0.600000 9.800000 0.100000 -0.017054
-0.200000 9.800000 0.100000 -0.017466
0.200000 9.800000 0.100000 -0.017897
0.600000 9.800000 0.100000 -0.018337
1.000000 9.800000 0.100000 -0.018774
1.400000 9.800000 0.100000 -0.019192
1.800000 9.800000 0.100000 -0.019578
2.200000 9.800000 0.100000 -0.019916
2.600000 9.800000 0.100000 -0.020195
3.000000 9.800000 0.100000 -0.020403
3.400000 9.800000 0.100000 -0.020532
3.800000 9.800000 0.100000 -0.020577
4.200000 9.800000 0.100000 -0.020536
4.600000 9.800000 0.100000 -0.020409
5.000000 9.800000 0.100000 -0.020200
5.400000 9.800000 0.100000 -0.019913
5.800000 9.800000 0.100000 -0.019557
6.200000 9.800000 0.100000 -0.019139
6.600000 9.800000 0.100000 -0.018668
7.000000 9.800000 0.100000 -0.018153
7.400000 9.800000 0.100000 -0.017603
7.800000 9.800000 0.100000 -0.017026
8.200000 9.800000 0.100000 -0.016430
8.600000 9.800000 0.100000 -0.015823
9.000000 9.800000 0.100000 -0.015210
9.400000 9.800000 0.100000 -0.014597
9.800000 9.800000 0.100000 -0.013990
