-9.800000 -9.800000 0.144544 -0.004081
-9.400000 -9.800000 0.145998 -0.003585
-9.000000 -9.800000 0.147535 -0.002975
-8.600000 -9.800000 0.149162 -0.002236
-8.200000 -9.800000 0.150883 -0.001353
-7.800000 -9.800000 0.152705 -0.000311
-7.400000 -9.800000 0.154633 0.000904
-7.000000 -9.800000 0.156672 0.002306
-6.600000 -9.800000 0.158828 0.003908
-6.200000 -9.800000 0.161103 0.005717
-5.800000 -9.800000 0.163500 0.007738
-5.400000 -9.800000 0.166018 0.009971
-5.000000 -9.800000 0.168654 0.012407
-4.600000 -9.800000 0.171399 0.015032
-4.200000 -9.800000 0.174239 0.017818
-3.800000 -9.800000 0.177152 0.020732
-3.400000 -9.800000 0.180105 0.023727
-3.000000 -9.800000 0.183057 0.026747
-2.600000 -9.800000 0.185952 0.029727
-2.200000 -9.800000 0.188722 0.032595
-1.800000 -9.800000 0.191287 0.035274
-1.400000 -9.800000 0.193560 0.037689
-1.000000 -9.800000 0.195450 0.039766
-0.600000 -9.800000 0.196873 0.041442
-0.200000 -9.800000 0.197758 0.042664
0.200000 -9.800000 0.198058 0.043396
0.600000 -9.800000 0.197758 0.043622
1.000000 -9.800000 0.196873 0.043343
1.400000 -9.800000 0.195450 0.042580
1.800000 -9.800000 0.193560 0.041369
2.200000 -9.800000 0.191287 0.039764
2.600000 -9.800000 0.188722 0.037824
3.000000 -9.800000 0.185952 0.035619
3.400000 -9.800000 0.183057 0.033216
3.800000 -9.800000 0.180105 0.030685
4.200000 -9.800000 0.177152 0.028088
4.600000 -9.800000 0.174239 0.025483
5.000000 -9.800000 0.171399 0.022918
5.400000 -9.800000 0.168654 0.020433
5.800000 -9.800000 0.166018 0.018060
6.200000 -9.800000 0.163500 0.015821
6.600000 -9.800000 0.161103 0.013733
7.000000 -9.800000 0.158828 0.011804
7.400000 -9.800000 0.156672 0.010039
7.800000 -9.800000 0.154633 0.008435
8.200000 -9.800000 0.152705 0.006990
8.600000 -9.800000 0.150883 0.005695
9.000000 -9.800000 0.149162 0.004543
9.400000 -9.800000 0.147535 0.003524
9.800000 -9.800000 0.145998 0.002627
-9.800000 -9.400000 0.144894 -0.004816
-9.400000 -9.400000 0.146384 -0.004324
-9.000000 -9.400000 0.147962 -0.003705
-8.600000 -9.400000 0.149634 -0.002942
-8.200000 -9.400000 0.151407 -0.002017
-7.800000 -9.400000 0.153288 -0.000909
-7.400000 -9.400000 0.155283 0.000401
-7.000000 -9.400000 0.157399 0.001930
-6.600000 -9.400000 0.159642 0.003697
-6.200000 -9.400000 0.162017 0.005715
-5.800000 -9.400000 0.164528 0.007993
-5.400000 -9.400000 0.167176 0.010534
-5.000000 -9.400000 0.169959 0.013333
-4.600000 -9.400000 0.172871 0.016376
-4.200000 -9.400000 0.175897 0.019635
-3.800000 -9.400000 0.179017 0.023070
-3.400000 -9.400000 0.182199 0.026627
-3.000000 -9.400000 0.185398 0.030239
-2.600000 -9.400000 0.188555 0.033823
-2.200000 -9.400000 0.191593 0.037290
-1.800000 -9.400000 0.194424 0.040542
-1.400000 -9.400000 0.196946 0.043480
-1.000000 -9.400000 0.199054 0.046008
-0.600000 -9.400000 0.200646 0.048043
-0.200000 -9.400000 0.201639 0.049516
0.200000 -9.400000 0.201977 0.050380
0.600000 -9.400000 0.201639 0.050614
1.000000 -9.400000 0.200646 0.050220
1.400000 -9.400000 0.199054 0.049228
1.800000 -9.400000 0.196946 0.047689
2.200000 -9.400000 0.194424 0.045671
2.600000 -9.400000 0.191593 0.043256
3.000000 -9.400000 0.188555 0.040533
3.400000 -9.400000 0.185398 0.037591
3.800000 -9.400000 0.182199 0.034517
4.200000 -9.400000 0.179017 0.031389
4.600000 -9.400000 0.175897 0.028278
5.000000 -9.400000 0.172871 0.025241
5.400000 -9.400000 0.169959 0.022325
5.800000 -9.400000 0.167176 0.019565
6.200000 -9.400000 0.164528 0.016985
6.600000 -9.400000 0.162017 0.014599
7.000000 -9.400000 0.159642 0.012416
7.400000 -9.400000 0.157399 0.010435
7.800000 -9.400000 0.155283 0.008652
8.200000 -9.400000 0.153288 0.007059
8.600000 -9.400000 0.151407 0.005646
9.000000 -9.400000 0.149634 0.004400
9.400000 -9.400000 0.147962 0.003307
9.800000 -9.400000 0.146384 0.002355
-9.800000 -9.000000 0.145238 -0.005652
-9.400000 -9.000000 0.146764 -0.005173
-9.000000 -9.000000 0.148382 -0.004554
-8.600000 -9.000000 0.150100 -0.003776
-8.200000 -9.000000 0.151926 -0.002814
-7.800000 -9.000000 0.153866 -0.001644
-7.400000 -9.000000 0.155930 -0.000241
-7.000000 -9.000000 0.158124 0.001421
-6.600000 -9.000000 0.160456 0.003364
-6.200000 -9.000000 0.162934 0.005610
-5.800000 -9.000000 0.165563 0.008175
-5.400000 -9.000000 0.168346 0.011068
-5.000000 -9.000000 0.171283 0.014288
-4.600000 -9.000000 0.174371 0.017823
-4.200000 -9.000000 0.177596 0.021645
-3.800000 -9.000000 0.180940 0.025710
-3.400000 -9.000000 0.184371 0.029954
-3.000000 -9.000000 0.187841 0.034295
-2.600000 -9.000000 0.191287 0.038633
-2.200000 -9.000000 0.194626 0.042853
-1.800000 -9.000000 0.197758 0.046828
-1.400000 -9.000000 0.200565 0.050429
-1.000000 -9.000000 0.202923 0.053531
-0.600000 -9.000000 0.204713 0.056023
-0.200000 -9.000000 0.205833 0.057813
0.200000 -9.000000 0.206215 0.058840
0.600000 -9.000000 0.205833 0.059075
1.000000 -9.000000 0.204713 0.058524
1.400000 -9.000000 0.202923 0.057227
1.800000 -9.000000 0.200565 0.055256
2.200000 -9.000000 0.197758 0.052703
2.600000 -9.000000 0.194626 0.049677
3.000000 -9.000000 0.191287 0.046295
3.400000 -9.000000 0.187841 0.042674
3.800000 -9.000000 0.184371 0.038923
4.200000 -9.000000 0.180940 0.035142
4.600000 -9.000000 0.177596 0.031415
5.000000 -9.000000 0.174371 0.027811
5.400000 -9.000000 0.171283 0.024383
5.800000 -9.000000 0.168346 0.021169
6.200000 -9.000000 0.165563 0.018193
6.600000 -9.000000 0.162934 0.015469
7.000000 -9.000000 0.160456 0.013000
7.400000 -9.000000 0.158124 0.010781
7.800000 -9.000000 0.155930 0.008804
8.200000 -9.000000 0.153866 0.007054
8.600000 -9.000000 0.151926 0.005517
9.000000 -9.000000 0.150100 0.004174
9.400000 -9.000000 0.148382 0.003009
9.800000 -9.000000 0.146764 0.002004
-9.800000 -8.600000 0.145575 -0.006597
-9.400000 -8.600000 0.147136 -0.006143
-9.000000 -8.600000 0.148795 -0.005538
-8.600000 -8.600000 0.150559 -0.004755
-8.200000 -8.600000 0.152437 -0.003766
-7.800000 -8.600000 0.154438 -0.002541
-7.400000 -8.600000 0.156570 -0.001048
-7.000000 -8.600000 0.158844 0.000747
-6.600000 -8.600000 0.161268 0.002877
-6.200000 -8.600000 0.163851 0.005371
-5.800000 -8.600000 0.166602 0.008254
-5.400000 -8.600000 0.169525 0.011546
-5.000000 -8.600000 0.172624 0.015252
-4.600000 -8.600000 0.175897 0.019366
-4.200000 -8.600000 0.179335 0.023860
-3.800000 -8.600000 0.182920 0.028687
-3.400000 -8.600000 0.186620 0.033774
-3.000000 -8.600000 0.190388 0.039021
-2.600000 -8.600000 0.194155 0.044303
-2.200000 -8.600000 0.197833 0.049475
-1.800000 -8.600000 0.201305 0.054371
-1.400000 -8.600000 0.204439 0.058823
-1.000000 -8.600000 0.207088 0.062663
-0.600000 -8.600000 0.209109 0.065741
-0.200000 -8.600000 0.210378 0.067936
0.200000 -8.600000 0.210811 0.069164
0.600000 -8.600000 0.210378 0.069389
1.000000 -8.600000 0.209109 0.068620
1.400000 -8.600000 0.207088 0.066915
1.800000 -8.600000 0.204439 0.064372
2.200000 -8.600000 0.201305 0.061119
2.600000 -8.600000 0.197833 0.057302
3.000000 -8.600000 0.194155 0.053076
3.400000 -8.600000 0.190388 0.048594
3.800000 -8.600000 0.186620 0.043996
4.200000 -8.600000 0.182920 0.039406
4.600000 -8.600000 0.179335 0.034928
5.000000 -8.600000 0.175897 0.030641
5.400000 -8.600000 0.172624 0.026605
5.800000 -8.600000 0.169525 0.022861
6.200000 -8.600000 0.166602 0.019430
6.600000 -8.600000 0.163851 0.016322
7.000000 -8.600000 0.161268 0.013534
7.400000 -8.600000 0.158844 0.011054
7.800000 -8.600000 0.156570 0.008868
8.200000 -8.600000 0.154438 0.006953
8.600000 -8.600000 0.152437 0.005289
9.000000 -8.600000 0.150559 0.003850
9.400000 -8.600000 0.148795 0.002616
9.800000 -8.600000 0.147136 0.001562
-9.800000 -8.200000 0.145904 -0.007663
-9.400000 -8.200000 0.147501 -0.007249
-9.000000 -8.200000 0.149200 -0.006671
-8.600000 -8.200000 0.151010 -0.005899
-8.200000 -8.200000 0.152940 -0.004898
-7.800000 -8.200000 0.155002 -0.003630
-7.400000 -8.200000 0.157204 -0.002054
-7.000000 -8.200000 0.159558 -0.000128
-6.600000 -8.200000 0.162075 0.002194
-6.200000 -8.200000 0.164766 0.004952
-5.800000 -8.200000 0.167642 0.008187
-5.400000 -8.200000 0.170711 0.011928
-5.000000 -8.200000 0.173979 0.016195
-4.600000 -8.200000 0.177447 0.020988
-4.200000 -8.200000 0.181111 0.026285
-3.800000 -8.200000 0.184953 0.032037
-3.400000 -8.200000 0.188946 0.038161
-3.000000 -8.200000 0.193040 0.044538
-2.600000 -8.200000 0.197165 0.051012
-2.200000 -8.200000 0.201222 0.057397
-1.800000 -8.200000 0.205083 0.063477
-1.400000 -8.200000 0.208593 0.069029
-1.000000 -8.200000 0.211580 0.073826
-0.600000 -8.200000 0.213872 0.077666
-0.200000 -8.200000 0.215316 0.080382
0.200000 -8.200000 0.215810 0.081863
0.600000 -8.200000 0.215316 0.082057
1.000000 -8.200000 0.213872 0.080985
1.400000 -8.200000 0.211580 0.078728
1.800000 -8.200000 0.208593 0.075422
2.200000 -8.200000 0.205083 0.071245
2.600000 -8.200000 0.201222 0.066396
3.000000 -8.200000 0.197165 0.061082
3.400000 -8.200000 0.193040 0.055504
3.800000 -8.200000 0.188946 0.049841
4.200000 -8.200000 0.184953 0.044249
4.600000 -8.200000 0.181111 0.038852
5.000000 -8.200000 0.177447 0.033742
5.400000 -8.200000 0.173979 0.028986
5.800000 -8.200000 0.170711 0.024623
6.200000 -8.200000 0.167642 0.020670
6.600000 -8.200000 0.164766 0.017129
7.000000 -8.200000 0.162075 0.013988
7.400000 -8.200000 0.159558 0.011226
7.800000 -8.200000 0.157204 0.008818
8.200000 -8.200000 0.155002 0.006733
8.600000 -8.200000 0.152940 0.004940
9.000000 -8.200000 0.151010 0.003409
9.400000 -8.200000 0.149200 0.002110
9.800000 -8.200000 0.147501 0.001015
-9.800000 -7.800000 0.146225 -0.008860
-9.400000 -7.800000 0.147856 -0.008503
-9.000000 -7.800000 0.149595 -0.007972
-8.600000 -7.800000 0.151451 -0.007230
-8.200000 -7.800000 0.153434 -0.006235
-7.800000 -7.800000 0.155556 -0.004942
-7.400000 -7.800000 0.157828 -0.003298
-7.000000 -7.800000 0.160263 -0.001248
-6.600000 -7.800000 0.162874 0.001266
-6.200000 -7.800000 0.165676 0.004303
-5.800000 -7.800000 0.168680 0.007919
-5.400000 -7.800000 0.171900 0.012164
-5.000000 -7.800000 0.175344 0.017072
-4.600000 -7.800000 0.179017 0.022660
-4.200000 -7.800000 0.182920 0.028917
-3.800000 -7.800000 0.187039 0.035793
-3.400000 -7.800000 0.191348 0.043198
-3.000000 -7.800000 0.195800 0.050990
-2.600000 -7.800000 0.200322 0.058978
-2.200000 -7.800000 0.204805 0.066920
-1.800000 -7.800000 0.209109 0.074537
-1.400000 -7.800000 0.213054 0.081524
-1.000000 -7.800000 0.216437 0.087577
-0.600000 -7.800000 0.219048 0.092416
-0.200000 -7.800000 0.220701 0.095812
0.200000 -7.800000 0.221268 0.097611
0.600000 -7.800000 0.220701 0.097746
1.000000 -7.800000 0.219048 0.096247
1.400000 -7.800000 0.216437 0.093234
1.800000 -7.800000 0.213054 0.088901
2.200000 -7.800000 0.209109 0.083494
2.600000 -7.800000 0.204805 0.077289
3.000000 -7.800000 0.200322 0.070564
3.400000 -7.800000 0.195800 0.063583
3.800000 -7.800000 0.191348 0.056577
4.200000 -7.800000 0.187039 0.049739
4.600000 -7.800000 0.182920 0.043217
5.000000 -7.800000 0.179017 0.037118
5.400000 -7.800000 0.175344 0.031509
5.800000 -7.800000 0.171900 0.026426
6.200000 -7.800000 0.168680 0.021878
6.600000 -7.800000 0.165676 0.017852
7.000000 -7.800000 0.162874 0.014325
7.400000 -7.800000 0.160263 0.011261
7.800000 -7.800000 0.157828 0.008621
8.200000 -7.800000 0.155556 0.006364
8.600000 -7.800000 0.153434 0.004447
9.000000 -7.800000 0.151451 0.002830
9.400000 -7.800000 0.149595 0.001476
9.800000 -7.800000 0.147856 0.000350
-9.800000 -7.400000 0.146536 -0.010197
-9.400000 -7.400000 0.148202 -0.009920
-9.000000 -7.400000 0.149980 -0.009458
-8.600000 -7.400000 0.151881 -0.008771
-8.200000 -7.400000 0.153916 -0.007807
-7.800000 -7.400000 0.156098 -0.006513
-7.400000 -7.400000 0.158441 -0.004822
-7.000000 -7.400000 0.160957 -0.002665
-6.600000 -7.400000 0.163665 0.000034
-6.200000 -7.400000 0.166578 0.003357
-5.800000 -7.400000 0.169714 0.007381
-5.400000 -7.400000 0.173088 0.012182
-5.000000 -7.400000 0.176715 0.017821
-4.600000 -7.400000 0.180603 0.024336
-4.200000 -7.400000 0.184758 0.031736
-3.800000 -7.400000 0.189172 0.039979
-3.400000 -7.400000 0.193823 0.048970
-3.000000 -7.400000 0.198667 0.058545
-2.600000 -7.400000 0.203628 0.068467
-2.200000 -7.400000 0.208593 0.078425
-1.800000 -7.400000 0.213402 0.088051
-1.400000 -7.400000 0.217851 0.096932
-1.000000 -7.400000 0.221698 0.104651
-0.600000 -7.400000 0.224689 0.110817
-0.200000 -7.400000 0.226592 0.115110
0.200000 -7.400000 0.227247 0.117314
0.600000 -7.400000 0.226592 0.117341
1.000000 -7.400000 0.224689 0.115239
1.400000 -7.400000 0.221698 0.111183
1.800000 -7.400000 0.217851 0.105452
2.200000 -7.400000 0.213402 0.098395
2.600000 -7.400000 0.208593 0.090393
3.000000 -7.400000 0.203628 0.081824
3.400000 -7.400000 0.198667 0.073037
3.800000 -7.400000 0.193823 0.064330
4.200000 -7.400000 0.189172 0.055941
4.600000 -7.400000 0.184758 0.048044
5.000000 -7.400000 0.180603 0.040755
5.400000 -7.400000 0.176715 0.034142
5.800000 -7.400000 0.173088 0.028227
6.200000 -7.400000 0.169714 0.023004
6.600000 -7.400000 0.166578 0.018443
7.000000 -7.400000 0.163665 0.014498
7.400000 -7.400000 0.160957 0.011116
7.800000 -7.400000 0.158441 0.008241
8.200000 -7.400000 0.156098 0.005814
8.600000 -7.400000 0.153916 0.003781
9.000000 -7.400000 0.151881 0.002090
9.400000 -7.400000 0.149980 0.000693
9.800000 -7.400000 0.148202 -0.000450
-9.800000 -7.000000 0.146838 -0.011683
-9.400000 -7.000000 0.148537 -0.011510
-9.000000 -7.000000 0.150354 -0.011146
-8.600000 -7.000000 0.152299 -0.010544
-8.200000 -7.000000 0.154386 -0.009644
-7.800000 -7.000000 0.156628 -0.008381
-7.400000 -7.000000 0.159040 -0.006675
-7.000000 -7.000000 0.161639 -0.004437
-6.600000 -7.000000 0.164442 -0.001570
-6.200000 -7.000000 0.167469 0.002033
-5.800000 -7.000000 0.170739 0.006484
-5.400000 -7.000000 0.174272 0.011891
-5.000000 -7.000000 0.178087 0.018352
-4.600000 -7.000000 0.182199 0.025942
-4.200000 -7.000000 0.186620 0.034699
-3.800000 -7.000000 0.191348 0.044604
-3.400000 -7.000000 0.196368 0.055564
-3.000000 -7.000000 0.201639 0.067392
-2.600000 -7.000000 0.207088 0.079799
-2.200000 -7.000000 0.212594 0.092388
-1.800000 -7.000000 0.217982 0.104666
-1.400000 -7.000000 0.223017 0.116074
-1.000000 -7.000000 0.227412 0.126027
-0.600000 -7.000000 0.230856 0.133978
-0.200000 -7.000000 0.233062 0.139469
0.200000 -7.000000 0.233822 0.142195
0.600000 -7.000000 0.233062 0.142037
1.000000 -7.000000 0.230856 0.139071
1.400000 -7.000000 0.227412 0.133560
1.800000 -7.000000 0.223017 0.125909
2.200000 -7.000000 0.217982 0.116616
2.600000 -7.000000 0.212594 0.106215
3.000000 -7.000000 0.207088 0.095224
3.400000 -7.000000 0.201639 0.084104
3.800000 -7.000000 0.196368 0.073237
4.200000 -7.000000 0.191348 0.062914
4.600000 -7.000000 0.186620 0.053336
5.000000 -7.000000 0.182199 0.044623
5.400000 -7.000000 0.178087 0.036831
5.800000 -7.000000 0.174272 0.029963
6.200000 -7.000000 0.170739 0.023985
6.600000 -7.000000 0.167469 0.018838
7.000000 -7.000000 0.164442 0.014449
7.400000 -7.000000 0.161639 0.010741
7.800000 -7.000000 0.159040 0.007632
8.200000 -7.000000 0.156628 0.005046
8.600000 -7.000000 0.154386 0.002912
9.000000 -7.000000 0.152299 0.001164
9.400000 -7.000000 0.150354 -0.000257
9.800000 -7.000000 0.148537 -0.001400
-9.800000 -6.600000 0.147128 -0.013324
-9.400000 -6.600000 0.148860 -0.013285
-9.000000 -6.600000 0.150715 -0.013052
-8.600000 -6.600000 0.152705 -0.012572
-8.200000 -6.600000 0.154842 -0.011776
-7.800000 -6.600000 0.157144 -0.010587
-7.400000 -6.600000 0.159625 -0.008908
-7.000000 -6.600000 0.162306 -0.006631
-6.600000 -6.600000 0.165205 -0.003630
-6.200000 -6.600000 0.168346 0.000236
-5.800000 -6.600000 0.171751 0.005117
-5.400000 -6.600000 0.175446 0.011170
-5.000000 -6.600000 0.179455 0.018544
-4.600000 -6.600000 0.183800 0.027368
-4.200000 -6.600000 0.188499 0.037729
-3.800000 -6.600000 0.193560 0.049649
-3.400000 -6.600000 0.198976 0.063052
-3.000000 -6.600000 0.204713 0.077738
-2.600000 -6.600000 0.210702 0.093357
-2.200000 -6.600000 0.216817 0.109404
-1.800000 -6.600000 0.222868 0.125219
-1.400000 -6.600000 0.228586 0.140033
-1.000000 -6.600000 0.233631 0.153023
-0.600000 -6.600000 0.237620 0.163403
-0.200000 -6.600000 0.240193 0.170517
0.200000 -6.600000 0.241083 0.173923
0.600000 -6.600000 0.240193 0.173456
1.000000 -6.600000 0.237620 0.169243
1.400000 -6.600000 0.233631 0.161678
1.800000 -6.600000 0.228586 0.151361
2.200000 -6.600000 0.222868 0.139011
2.600000 -6.600000 0.216817 0.125384
3.000000 -6.600000 0.210702 0.111191
3.400000 -6.600000 0.204713 0.097044
3.800000 -6.600000 0.198976 0.083429
4.200000 -6.600000 0.193560 0.070697
4.600000 -6.600000 0.188499 0.059069
5.000000 -6.600000 0.183800 0.048659
5.400000 -6.600000 0.179455 0.039496
5.800000 -6.600000 0.175446 0.031545
6.200000 -6.600000 0.171751 0.024732
6.600000 -6.600000 0.168346 0.018956
7.000000 -6.600000 0.165205 0.014108
7.400000 -6.600000 0.162306 0.010074
7.800000 -6.600000 0.159625 0.006745
8.200000 -6.600000 0.157144 0.004020
8.600000 -6.600000 0.154842 0.001807
9.000000 -6.600000 0.152705 0.000026
9.400000 -6.600000 0.150715 -0.001394
9.800000 -6.600000 0.148860 -0.002515
-9.800000 -6.200000 0.147407 -0.015125
-9.400000 -6.200000 0.149171 -0.015253
-9.000000 -6.200000 0.151063 -0.015189
-8.600000 -6.200000 0.153095 -0.014875
-8.200000 -6.200000 0.155283 -0.014233
-7.800000 -6.200000 0.157643 -0.013172
-7.400000 -6.200000 0.160193 -0.011579
-7.000000 -6.200000 0.162954 -0.009320
-6.600000 -6.200000 0.165950 -0.006238
-6.200000 -6.200000 0.169205 -0.002150
-5.800000 -6.200000 0.172747 0.003145
-5.400000 -6.200000 0.176606 0.009865
-5.000000 -6.200000 0.180814 0.018232
-4.600000 -6.200000 0.185398 0.028453
-4.200000 -6.200000 0.190388 0.040695
-3.800000 -6.200000 0.195800 0.055048
-3.400000 -6.200000 0.201639 0.071482
-3.000000 -6.200000 0.207883 0.089798
-2.600000 -6.200000 0.214467 0.109590
-2.200000 -6.200000 0.221268 0.130214
-1.800000 -6.200000 0.228079 0.150790
-1.400000 -6.200000 0.234595 0.170248
-1.000000 -6.200000 0.240414 0.187416
-0.600000 -6.200000 0.245065 0.201152
-0.200000 -6.200000 0.248087 0.210492
0.200000 -6.200000 0.249137 0.214793
0.600000 -6.200000 0.248087 0.213822
1.000000 -6.200000 0.245065 0.207786
1.400000 -6.200000 0.240414 0.197290
1.800000 -6.200000 0.234595 0.183231
2.200000 -6.200000 0.228079 0.166665
2.600000 -6.200000 0.221268 0.148666
3.000000 -6.200000 0.214467 0.130217
3.400000 -6.200000 0.207883 0.112131
3.800000 -6.200000 0.201639 0.095020
4.200000 -6.200000 0.195800 0.079292
4.600000 -6.200000 0.190388 0.065177
5.000000 -6.200000 0.185398 0.052759
5.400000 -6.200000 0.180814 0.042016
5.800000 -6.200000 0.176606 0.032854
6.200000 -6.200000 0.172747 0.025135
6.600000 -6.200000 0.169205 0.018702
7.000000 -6.200000 0.165950 0.013392
7.400000 -6.200000 0.162954 0.009048
7.800000 -6.200000 0.160193 0.005524
8.200000 -6.200000 0.157643 0.002691
8.600000 -6.200000 0.155283 0.000432
9.000000 -6.200000 0.153095 -0.001350
9.400000 -6.200000 0.151063 -0.002740
9.800000 -6.200000 0.149171 -0.003809
-9.800000 -5.800000 0.147673 -0.017087
-9.400000 -5.800000 0.149469 -0.017418
-9.000000 -5.800000 0.151396 -0.017568
-8.600000 -5.800000 0.153471 -0.017471
-8.200000 -5.800000 0.155707 -0.017043
-7.800000 -5.800000 0.158124 -0.016177
-7.400000 -5.800000 0.160741 -0.014744
-7.000000 -5.800000 0.163582 -0.012582
-6.600000 -5.800000 0.166673 -0.009496
-6.200000 -5.800000 0.170041 -0.005257
-5.800000 -5.800000 0.173721 0.000403
-5.400000 -5.800000 0.177746 0.007781
-5.000000 -5.800000 0.182155 0.017198
-4.600000 -5.800000 0.186986 0.028972
-4.200000 -5.800000 0.192277 0.043391
-3.800000 -5.800000 0.198058 0.060660
-3.400000 -5.800000 0.204348 0.080840
-3.000000 -5.800000 0.211139 0.103772
-2.600000 -5.800000 0.218378 0.129003
-2.200000 -5.800000 0.225948 0.155727
-1.800000 -5.800000 0.233631 0.182768
-1.400000 -5.800000 0.241083 0.208630
-1.000000 -5.800000 0.247828 0.231620
-0.600000 -5.800000 0.253285 0.250056
-0.200000 -5.800000 0.256864 0.262500
0.200000 -5.800000 0.258114 0.267991
0.600000 -5.800000 0.256864 0.266200
1.000000 -5.800000 0.253285 0.257469
1.400000 -5.800000 0.247828 0.242740
1.800000 -5.800000 0.241083 0.223376
2.200000 -5.800000 0.233631 0.200940
2.600000 -5.800000 0.225948 0.176979
3.000000 -5.800000 0.218378 0.152851
3.400000 -5.800000 0.211139 0.129632
3.800000 -5.800000 0.204348 0.108076
4.200000 -5.800000 0.198058 0.088639
4.600000 -5.800000 0.192277 0.071528
5.000000 -5.800000 0.186986 0.056760
5.400000 -5.800000 0.182155 0.044224
5.800000 -5.800000 0.177746 0.033731
6.200000 -5.800000 0.173721 0.025055
6.600000 -5.800000 0.170041 0.017956
7.000000 -5.800000 0.166673 0.012203
7.400000 -5.800000 0.163582 0.007584
7.800000 -5.800000 0.160741 0.003909
8.200000 -5.800000 0.158124 0.001012
8.600000 -5.800000 0.155707 -0.001247
9.000000 -5.800000 0.153471 -0.002988
9.400000 -5.800000 0.151396 -0.004310
9.800000 -5.800000 0.149469 -0.005294
-9.800000 -5.400000 0.147927 -0.019206
-9.400000 -5.400000 0.149752 -0.019781
-9.000000 -5.400000 0.151714 -0.020193
-8.600000 -5.400000 0.153829 -0.020372
-8.200000 -5.400000 0.156113 -0.020226
-7.800000 -5.400000 0.158585 -0.019638
-7.400000 -5.400000 0.161268 -0.018457
-7.000000 -5.400000 0.164187 -0.016495
-6.600000 -5.400000 0.167371 -0.013516
-6.200000 -5.400000 0.170853 -0.009233
-5.800000 -5.400000 0.174668 -0.003301
-5.400000 -5.400000 0.178860 0.004680
-5.000000 -5.400000 0.183473 0.015159
-4.600000 -5.400000 0.188555 0.028612
-4.200000 -5.400000 0.194155 0.045506
-3.800000 -5.400000 0.200322 0.066230
-3.400000 -5.400000 0.207088 0.091013
-3.000000 -5.400000 0.214467 0.119801
-2.600000 -5.400000 0.222426 0.152133
-2.200000 -5.400000 0.230856 0.187030
-1.800000 -5.400000 0.239536 0.222925
-1.400000 -5.400000 0.248087 0.257714
-1.000000 -5.400000 0.255946 0.288926
-0.600000 -5.400000 0.262392 0.314038
-0.200000 -5.400000 0.266667 0.330870
0.200000 -5.400000 0.268168 0.337962
0.600000 -5.400000 0.266667 0.334840
1.000000 -5.400000 0.262392 0.322079
1.400000 -5.400000 0.255946 0.301167
1.800000 -5.400000 0.248087 0.274203
2.200000 -5.400000 0.239536 0.243532
2.600000 -5.400000 0.230856 0.211392
3.000000 -5.400000 0.222426 0.179668
3.400000 -5.400000 0.214467 0.149761
3.800000 -5.400000 0.207088 0.122577
4.200000 -5.400000 0.200322 0.098581
4.600000 -5.400000 0.194155 0.077899
5.000000 -5.400000 0.188555 0.060422
5.400000 -5.400000 0.183473 0.045891
5.800000 -5.400000 0.178860 0.033976
6.200000 -5.400000 0.174668 0.024321
6.600000 -5.400000 0.170853 0.016580
7.000000 -5.400000 0.167371 0.010433
7.400000 -5.400000 0.164187 0.005600
7.800000 -5.400000 0.161268 0.001837
8.200000 -5.400000 0.158585 -0.001061
8.600000 -5.400000 0.156113 -0.003264
9.000000 -5.400000 0.153829 -0.004913
9.400000 -5.400000 0.151714 -0.006121
9.800000 -5.400000 0.149752 -0.006982
-9.800000 -5.000000 0.148166 -0.021474
-9.400000 -5.000000 0.150020 -0.022334
-9.000000 -5.000000 0.152016 -0.023061
-8.600000 -5.000000 0.154169 -0.023581
-8.200000 -5.000000 0.156498 -0.023797
-7.800000 -5.000000 0.159024 -0.023582
-7.400000 -5.000000 0.161771 -0.022768
-7.000000 -5.000000 0.164766 -0.021137
-6.600000 -5.000000 0.168041 -0.018411
-6.200000 -5.000000 0.171634 -0.014239
-5.800000 -5.000000 0.175584 -0.008186
-5.400000 -5.000000 0.179941 0.000274
-5.000000 -5.000000 0.184758 0.011757
-4.600000 -5.000000 0.190094 0.026954
-4.200000 -5.000000 0.196012 0.046586
-3.800000 -5.000000 0.202576 0.071334
-3.400000 -5.000000 0.209844 0.101710
-3.000000 -5.000000 0.217851 0.137887
-2.600000 -5.000000 0.226592 0.179489
-2.200000 -5.000000 0.235982 0.225372
-1.800000 -5.000000 0.245803 0.273480
-1.400000 -5.000000 0.255643 0.320840
-1.000000 -5.000000 0.264845 0.363805
-0.600000 -5.000000 0.272516 0.398535
-0.200000 -5.000000 0.277667 0.421661
0.200000 -5.000000 0.279490 0.430929
0.600000 -5.000000 0.277667 0.425648
1.000000 -5.000000 0.272516 0.406791
1.400000 -5.000000 0.264845 0.376746
1.800000 -5.000000 0.255643 0.338795
2.200000 -5.000000 0.245803 0.296490
2.600000 -5.000000 0.235982 0.253091
3.000000 -5.000000 0.226592 0.211198
3.400000 -5.000000 0.217851 0.172608
3.800000 -5.000000 0.209844 0.138346
4.200000 -5.000000 0.202576 0.108808
4.600000 -5.000000 0.196012 0.083941
5.000000 -5.000000 0.190094 0.063406
5.400000 -5.000000 0.184758 0.046717
5.800000 -5.000000 0.179941 0.033336
6.200000 -5.000000 0.175584 0.022732
6.600000 -5.000000 0.171634 0.014417
7.000000 -5.000000 0.168041 0.007964
7.400000 -5.000000 0.164766 0.003008
7.800000 -5.000000 0.161771 -0.000755
8.200000 -5.000000 0.159024 -0.003573
8.600000 -5.000000 0.156498 -0.005648
9.000000 -5.000000 0.154169 -0.007142
9.400000 -5.000000 0.152016 -0.008184
9.800000 -5.000000 0.150020 -0.008876
-9.800000 -4.600000 0.148391 -0.023874
-9.400000 -4.600000 0.150272 -0.025064
-9.000000 -4.600000 0.152299 -0.026161
-8.600000 -4.600000 0.154490 -0.027092
-8.200000 -4.600000 0.156862 -0.027759
-7.800000 -4.600000 0.159440 -0.028026
-7.400000 -4.600000 0.162248 -0.027712
-7.000000 -4.600000 0.165316 -0.026573
-6.600000 -4.600000 0.168680 -0.024288
-6.200000 -4.600000 0.172380 -0.020440
-5.800000 -4.600000 0.176463 -0.014491
-5.400000 -4.600000 0.180983 -0.005768
-5.000000 -4.600000 0.186003 0.006555
-4.600000 -4.600000 0.191593 0.023448
-4.200000 -4.600000 0.197833 0.045994
-3.800000 -4.600000 0.204805 0.075306
-3.400000 -4.600000 0.212594 0.112364
-3.000000 -4.600000 0.221268 0.157772
-2.600000 -4.600000 0.230856 0.211417
-2.200000 -4.600000 0.241308 0.272081
-1.800000 -4.600000 0.252428 0.337117
-1.400000 -4.600000 0.263780 0.402334
-1.000000 -4.600000 0.274608 0.462290
-0.600000 -4.600000 0.283804 0.511057
-0.200000 -4.600000 0.290071 0.543333
0.200000 -4.600000 0.292308 0.555582
0.600000 -4.600000 0.290071 0.546788
1.000000 -4.600000 0.283804 0.518618
1.400000 -4.600000 0.274608 0.474956
1.800000 -4.600000 0.263780 0.421001
2.200000 -4.600000 0.252428 0.362184
2.600000 -4.600000 0.241308 0.303266
3.000000 -4.600000 0.230856 0.247802
3.400000 -4.600000 0.221268 0.198018
3.800000 -4.600000 0.212594 0.154961
4.200000 -4.600000 0.204805 0.118801
4.600000 -4.600000 0.197833 0.089134
5.000000 -4.600000 0.191593 0.065251
5.400000 -4.600000 0.186003 0.046319
5.800000 -4.600000 0.180983 0.031509
6.200000 -4.600000 0.176463 0.020057
6.600000 -4.600000 0.172380 0.011298
7.000000 -4.600000 0.168680 0.004674
7.400000 -4.600000 0.165316 -0.000277
7.800000 -4.600000 0.162248 -0.003923
8.200000 -4.600000 0.159440 -0.006560
8.600000 -4.600000 0.156862 -0.008421
9.000000 -4.600000 0.154490 -0.009688
9.400000 -4.600000 0.152299 -0.010504
9.800000 -4.600000 0.150272 -0.010978
-9.800000 -4.200000 0.148601 -0.026386
-9.400000 -4.200000 0.150508 -0.027948
-9.000000 -4.200000 0.152565 -0.029471
-8.600000 -4.200000 0.154790 -0.030886
-8.200000 -4.200000 0.157204 -0.032096
-7.800000 -4.200000 0.159830 -0.032966
-7.400000 -4.200000 0.162696 -0.033304
-7.000000 -4.200000 0.165835 -0.032847
-6.600000 -4.200000 0.169284 -0.031236
-6.200000 -4.200000 0.173088 -0.027988
-5.800000 -4.200000 0.177299 -0.022459
-5.400000 -4.200000 0.181978 -0.013808
-5.000000 -4.200000 0.187198 -0.000963
-4.600000 -4.200000 0.193040 0.017404
-4.200000 -4.200000 0.199602 0.042863
-3.800000 -4.200000 0.206990 0.077150
-3.400000 -4.200000 0.215316 0.121985
-3.000000 -4.200000 0.224689 0.178729
-2.600000 -4.200000 0.235185 0.247869
-2.200000 -4.200000 0.246805 0.328347
-1.800000 -4.200000 0.259394 0.416887
-1.400000 -4.200000 0.272516 0.507618
-1.000000 -4.200000 0.285312 0.592362
-0.600000 -4.200000 0.296419 0.661832
-0.200000 -4.200000 0.304124 0.707560
0.200000 -4.200000 0.306901 0.723911
0.600000 -4.200000 0.304124 0.709395
1.000000 -4.200000 0.296419 0.666886
1.400000 -4.200000 0.285312 0.602787
1.800000 -4.200000 0.272516 0.525412
2.200000 -4.200000 0.259394 0.443130
2.600000 -4.200000 0.246805 0.362880
3.000000 -4.200000 0.235185 0.289440
3.400000 -4.200000 0.224689 0.225408
3.800000 -4.200000 0.215316 0.171624
4.200000 -4.200000 0.206990 0.127744
4.600000 -4.200000 0.199602 0.092755
5.000000 -4.200000 0.193040 0.065360
5.400000 -4.200000 0.187198 0.044233
5.800000 -4.200000 0.181978 0.028148
6.200000 -4.200000 0.177299 0.016046
6.600000 -4.200000 0.173088 0.007048
7.000000 -4.200000 0.169284 0.000444
7.400000 -4.200000 0.165835 -0.004330
7.800000 -4.200000 0.162696 -0.007714
8.200000 -4.200000 0.159830 -0.010049
8.600000 -4.200000 0.157204 -0.011596
9.000000 -4.200000 0.154790 -0.012555
9.400000 -4.200000 0.152565 -0.013078
9.800000 -4.200000 0.150508 -0.013282
-9.800000 -3.800000 0.148795 -0.028979
-9.400000 -3.800000 0.150725 -0.030954
-9.000000 -3.800000 0.152810 -0.032956
-8.600000 -3.800000 0.155068 -0.034926
-8.200000 -3.800000 0.157521 -0.036777
-7.800000 -3.800000 0.160193 -0.038376
-7.400000 -3.800000 0.163114 -0.039532
-7.000000 -3.800000 0.166320 -0.039973
-6.600000 -3.800000 0.169850 -0.039311
-6.200000 -3.800000 0.173753 -0.037007
-5.800000 -3.800000 0.178087 -0.032314
-5.400000 -3.800000 0.182920 -0.024218
-5.000000 -3.800000 0.188333 -0.011366
-4.600000 -3.800000 0.194424 0.007998
-4.200000 -3.800000 0.201305 0.036071
-3.800000 -3.800000 0.209109 0.075455
-3.400000 -3.800000 0.217982 0.128976
-3.000000 -3.800000 0.228079 0.199264
-2.600000 -3.800000 0.239536 0.287992
-2.200000 -3.800000 0.252428 0.394763
-1.800000 -3.800000 0.266667 0.515820
-1.400000 -3.800000 0.281848 0.643063
-1.000000 -3.800000 0.297028 0.764154
-0.600000 -3.800000 0.310538 0.864371
-0.200000 -3.800000 0.320113 0.930002
0.200000 -3.800000 0.323607 0.951985
0.600000 -3.800000 0.320113 0.928160
1.000000 -3.800000 0.310538 0.863518
1.400000 -3.800000 0.297028 0.768674
1.800000 -3.800000 0.281848 0.657031
2.200000 -3.800000 0.266667 0.541529
2.600000 -3.800000 0.252428 0.432216
3.000000 -3.800000 0.239536 0.335304
3.400000 -3.800000 0.228079 0.253509
3.800000 -3.800000 0.217982 0.187002
4.200000 -3.800000 0.209109 0.134450
4.600000 -3.800000 0.201305 0.093836
5.000000 -3.800000 0.194424 0.062997
5.400000 -3.800000 0.188333 0.039921
5.800000 -3.800000 0.182920 0.022877
6.200000 -3.800000 0.178087 0.010446
6.600000 -3.800000 0.173753 0.001503
7.000000 -3.800000 0.169850 -0.004826
7.400000 -3.800000 0.166320 -0.009211
7.800000 -3.800000 0.163114 -0.012158
8.200000 -3.800000 0.160193 -0.014050
8.600000 -3.800000 0.157521 -0.015170
9.000000 -3.800000 0.155068 -0.015732
9.400000 -3.800000 0.152810 -0.015894
9.800000 -3.800000 0.150725 -0.015772
-9.800000 -3.400000 0.148973 -0.031616
-9.400000 -3.400000 0.150925 -0.034037
-9.000000 -3.400000 0.153036 -0.036567
-8.600000 -3.400000 0.155324 -0.039161
-8.200000 -3.400000 0.157812 -0.041745
-7.800000 -3.400000 0.160527 -0.044200
-7.400000 -3.400000 0.163500 -0.046348
-7.000000 -3.400000 0.166768 -0.047919
-6.600000 -3.400000 0.170374 -0.048516
-6.200000 -3.400000 0.174371 -0.047562
-5.800000 -3.400000 0.178821 -0.044225
-5.400000 -3.400000 0.183800 -0.037328
-5.000000 -3.400000 0.189400 -0.025229
-4.600000 -3.400000 0.195730 -0.005690
-4.200000 -3.400000 0.202923 0.024246
-3.800000 -3.400000 0.211139 0.068319
-3.400000 -3.400000 0.220561 0.130935
-3.000000 -3.400000 0.231397 0.216715
-2.600000 -3.400000 0.243859 0.329471
-2.200000 -3.400000 0.258114 0.470455
-1.800000 -3.400000 0.274183 0.635982
-1.400000 -3.400000 0.291741 0.815195
-1.000000 -3.400000 0.309795 0.989514
-0.600000 -3.400000 0.326339 1.135391
-0.200000 -3.400000 0.338366 1.230418
0.200000 -3.400000 0.342821 1.260017
0.600000 -3.400000 0.338366 1.221190
1.000000 -3.400000 0.326339 1.122559
1.400000 -3.400000 0.309795 0.981710
1.800000 -3.400000 0.291741 0.820299
2.200000 -3.400000 0.274183 0.658315
2.600000 -3.400000 0.258114 0.510085
3.000000 -3.400000 0.243859 0.383267
3.400000 -3.400000 0.231397 0.280035
3.800000 -3.400000 0.220561 0.199062
4.200000 -3.400000 0.211139 0.137293
4.600000 -3.400000 0.202923 0.091168
5.000000 -3.400000 0.195730 0.057306
5.400000 -3.400000 0.189400 0.032806
5.800000 -3.400000 0.183800 0.015322
6.200000 -3.400000 0.178821 0.003026
6.600000 -3.400000 0.174371 -0.005470
7.000000 -3.400000 0.170374 -0.011206
7.400000 -3.400000 0.166768 -0.014947
7.800000 -3.400000 0.163500 -0.017259
8.200000 -3.400000 0.160527 -0.018552
8.600000 -3.400000 0.157812 -0.019126
9.000000 -3.400000 0.155324 -0.019199
9.400000 -3.400000 0.153036 -0.018928
9.800000 -3.400000 0.150925 -0.018426
-9.800000 -3.000000 0.149133 -0.034252
-9.400000 -3.000000 0.151106 -0.037146
-9.000000 -3.000000 0.153240 -0.040243
-8.600000 -3.000000 0.155556 -0.043518
-8.200000 -3.000000 0.158077 -0.046918
-7.800000 -3.000000 0.160831 -0.050349
-7.400000 -3.000000 0.163851 -0.053657
-7.000000 -3.000000 0.167176 -0.056595
-6.600000 -3.000000 0.170853 -0.058780
-6.200000 -3.000000 0.174936 -0.059628
-5.800000 -3.000000 0.179495 -0.058258
-5.400000 -3.000000 0.184612 -0.053368
-5.000000 -3.000000 0.190388 -0.043052
-4.600000 -3.000000 0.196946 -0.024583
-4.200000 -3.000000 0.204439 0.005848
-3.800000 -3.000000 0.213054 0.053368
-3.400000 -3.000000 0.223017 0.124495
-3.000000 -3.000000 0.234595 0.226784
-2.600000 -3.000000 0.248087 0.367612
-2.200000 -3.000000 0.263780 0.551599
-1.800000 -3.000000 0.281848 0.776494
-1.400000 -3.000000 0.302113 1.028490
-1.000000 -3.000000 0.323607 1.279849
-0.600000 -3.000000 0.343975 1.492774
-0.200000 -3.000000 0.359238 1.630553
0.200000 -3.000000 0.364999 1.670070
0.600000 -3.000000 0.359238 1.607596
1.000000 -3.000000 0.343975 1.457733
1.400000 -3.000000 0.323607 1.249221
1.800000 -3.000000 0.302113 1.016884
2.200000 -3.000000 0.281848 0.791376
2.600000 -3.000000 0.263780 0.592609
3.000000 -3.000000 0.248087 0.429155
3.400000 -3.000000 0.234595 0.301328
3.800000 -3.000000 0.223017 0.204949
4.200000 -3.000000 0.213054 0.134210
4.600000 -3.000000 0.204439 0.083346
5.000000 -3.000000 0.196946 0.047378
5.400000 -3.000000 0.190388 0.022329
5.800000 -3.000000 0.184612 0.005159
6.200000 -3.000000 0.179495 -0.006387
6.600000 -3.000000 0.174936 -0.013951
7.000000 -3.000000 0.170853 -0.018716
7.400000 -3.000000 0.167176 -0.021527
7.800000 -3.000000 0.163851 -0.022986
8.200000 -3.000000 0.160831 -0.023517
8.600000 -3.000000 0.158077 -0.023423
9.000000 -3.000000 0.155556 -0.022915
9.400000 -3.000000 0.153240 -0.022144
9.800000 -3.000000 0.151106 -0.021212
-9.800000 -2.600000 0.149276 -0.036834
-9.400000 -2.600000 0.151267 -0.040217
-9.000000 -2.600000 0.153422 -0.043908
-8.600000 -2.600000 0.155762 -0.047906
-8.200000 -2.600000 0.158313 -0.052188
-7.800000 -2.600000 0.161103 -0.056695
-7.400000 -2.600000 0.164166 -0.061313
-7.000000 -2.600000 0.167543 -0.065841
-6.600000 -2.600000 0.171283 -0.069938
-6.200000 -2.600000 0.175446 -0.073057
-5.800000 -2.600000 0.180105 -0.074325
-5.400000 -2.600000 0.185349 -0.072380
-5.000000 -2.600000 0.191287 -0.065136
-4.600000 -2.600000 0.198058 -0.049440
-4.200000 -2.600000 0.205833 -0.020641
-3.800000 -2.600000 0.214829 0.027921
-3.400000 -2.600000 0.225314 0.105347
-3.000000 -2.600000 0.237620 0.223178
-2.600000 -2.600000 0.252145 0.394234
-2.200000 -2.600000 0.269321 0.629199
-1.800000 -2.600000 0.289525 0.929974
-1.400000 -2.600000 0.312814 1.280546
-1.000000 -2.600000 0.338366 1.640320
-0.600000 -2.600000 0.363523 1.948860
-0.200000 -2.600000 0.383069 2.146453
0.200000 -2.600000 0.390619 2.197862
0.600000 -2.600000 0.383069 2.099773
1.000000 -2.600000 0.363523 1.875760
1.400000 -2.600000 0.338366 1.571268
1.800000 -2.600000 0.312814 1.241479
2.200000 -2.600000 0.289525 0.932715
2.600000 -2.600000 0.269321 0.671570
3.000000 -2.600000 0.252145 0.465985
3.400000 -2.600000 0.237620 0.312115
3.800000 -2.600000 0.225314 0.201001
4.200000 -2.600000 0.214829 0.122821
4.600000 -2.600000 0.205833 0.068908
5.000000 -2.600000 0.198058 0.032368
5.400000 -2.600000 0.191287 0.008036
5.800000 -2.600000 0.185349 -0.007825
6.200000 -2.600000 0.180105 -0.017864
6.600000 -2.600000 0.175446 -0.023931
7.000000 -2.600000 0.171283 -0.027309
7.400000 -2.600000 0.167543 -0.028886
7.800000 -2.600000 0.164166 -0.029269
8.200000 -2.600000 0.161103 -0.028878
8.600000 -2.600000 0.158313 -0.027999
9.000000 -2.600000 0.155762 -0.026826
9.400000 -2.600000 0.153422 -0.025493
9.800000 -2.600000 0.151267 -0.024087
-9.800000 -2.200000 0.149401 -0.039306
-9.400000 -2.200000 0.151407 -0.043179
-9.000000 -2.200000 0.153581 -0.047474
-8.600000 -2.200000 0.155944 -0.052218
-8.200000 -2.200000 0.158521 -0.057423
-7.800000 -2.200000 0.161342 -0.063076
-7.400000 -2.200000 0.164442 -0.069120
-7.000000 -2.200000 0.167866 -0.075421
-6.600000 -2.200000 0.171663 -0.081719
-6.200000 -2.200000 0.175897 -0.087551
-5.800000 -2.200000 0.180645 -0.092125
-5.400000 -2.200000 0.186003 -0.094128
-5.000000 -2.200000 0.192089 -0.091426
-4.600000 -2.200000 0.199054 -0.080613
-4.200000 -2.200000 0.207088 -0.056365
-3.800000 -2.200000 0.216437 -0.010571
-3.400000 -2.200000 0.227412 0.068656
-3.000000 -2.200000 0.240414 0.197700
-2.600000 -2.200000 0.255946 0.396860
-2.200000 -2.200000 0.274608 0.686477
-1.800000 -2.200000 0.297028 1.077140
-1.400000 -2.200000 0.323607 1.553293
-1.000000 -2.200000 0.353837 2.057569
-0.600000 -2.200000 0.384901 2.494790
-0.200000 -2.200000 0.410087 2.769836
0.200000 -2.200000 0.420092 2.833151
0.600000 -2.200000 0.410087 2.685810
1.000000 -2.200000 0.384901 2.362415
1.400000 -2.200000 0.353837 1.930462
1.800000 -2.200000 0.323607 1.475115
2.200000 -2.200000 0.297028 1.064710
2.600000 -2.200000 0.274608 0.732767
3.000000 -2.200000 0.255946 0.483521
3.400000 -2.200000 0.240414 0.305636
3.800000 -2.200000 0.227412 0.183064
4.200000 -2.200000 0.216437 0.100737
4.600000 -2.200000 0.207088 0.046579
5.000000 -2.200000 0.199054 0.011667
5.400000 -2.200000 0.192089 -0.010300
5.800000 -2.200000 0.186003 -0.023654
6.200000 -2.200000 0.180645 -0.031328
6.600000 -2.200000 0.175897 -0.035290
7.000000 -2.200000 0.171663 -0.036855
7.400000 -2.200000 0.167866 -0.036896
7.800000 -2.200000 0.164442 -0.035995
8.200000 -2.200000 0.161342 -0.034535
8.600000 -2.200000 0.158521 -0.032768
9.000000 -2.200000 0.155944 -0.030859
9.400000 -2.200000 0.153581 -0.028914
9.800000 -2.200000 0.151407 -0.027000
-9.800000 -1.800000 0.149507 -0.041608
-9.400000 -1.800000 0.151527 -0.045959
-9.000000 -1.800000 0.153717 -0.050847
-8.600000 -1.800000 0.156098 -0.056333
-8.200000 -1.800000 0.158698 -0.062470
-7.800000 -1.800000 0.161546 -0.069299
-7.400000 -1.800000 0.164679 -0.076833
-7.000000 -1.800000 0.168142 -0.085028
-6.600000 -1.800000 0.171989 -0.093738
-6.200000 -1.800000 0.176285 -0.102641
-5.800000 -1.800000 0.181111 -0.111111
-5.400000 -1.800000 0.186568 -0.118010
-5.000000 -1.800000 0.192784 -0.121354
-4.600000 -1.800000 0.199920 -0.117760
-4.200000 -1.800000 0.208186 -0.101606
-3.800000 -1.800000 0.217851 -0.063763
-3.400000 -1.800000 0.229272 0.010102
-3.000000 -1.800000 0.242915 0.141364
-2.600000 -1.800000 0.259394 0.359201
-2.200000 -1.800000 0.279490 0.697267
-1.800000 -1.800000 0.304124 1.180918
-1.400000 -1.800000 0.334146 1.800552
-1.000000 -1.800000 0.369582 2.479528
-0.600000 -1.800000 0.407729 3.072825
-0.200000 -1.800000 0.440207 3.434729
0.200000 -1.800000 0.453553 3.505245
0.600000 -1.800000 0.440207 3.299724
1.000000 -1.800000 0.407729 2.860333
1.400000 -1.800000 0.369582 2.277439
1.800000 -1.800000 0.334146 1.677228
2.200000 -1.800000 0.304124 1.156905
2.600000 -1.800000 0.279490 0.755491
3.000000 -1.800000 0.259394 0.468894
3.400000 -1.800000 0.242915 0.274512
3.800000 -1.800000 0.229272 0.147237
4.200000 -1.800000 0.217851 0.066100
4.600000 -1.800000 0.208186 0.015632
5.000000 -1.800000 0.199920 -0.014870
5.400000 -1.800000 0.192784 -0.032551
5.800000 -1.800000 0.186568 -0.042088
6.200000 -1.800000 0.181111 -0.046513
6.600000 -1.800000 0.176285 -0.047776
7.000000 -1.800000 0.171989 -0.047127
7.400000 -1.800000 0.168142 -0.045366
7.800000 -1.800000 0.164679 -0.043002
8.200000 -1.800000 0.161546 -0.040353
8.600000 -1.800000 0.158698 -0.037620
9.000000 -1.800000 0.156098 -0.034924
9.400000 -1.800000 0.153717 -0.032335
9.800000 -1.800000 0.151527 -0.029891
-9.800000 -1.400000 0.149595 -0.043681
-9.400000 -1.400000 0.151626 -0.048478
-9.000000 -1.400000 0.153829 -0.053928
-8.600000 -1.400000 0.156226 -0.060123
-8.200000 -1.400000 0.158844 -0.067162
-7.800000 -1.400000 0.161714 -0.075147
-7.400000 -1.400000 0.164875 -0.084169
-7.000000 -1.400000 0.168371 -0.094291
-6.600000 -1.400000 0.172259 -0.105513
-6.200000 -1.400000 0.176606 -0.117700
-5.800000 -1.400000 0.181498 -0.130477
-5.400000 -1.400000 0.187039 -0.143019
-5.000000 -1.400000 0.193364 -0.153714
-4.600000 -1.400000 0.200646 -0.159570
-4.200000 -1.400000 0.209109 -0.155229
-3.800000 -1.400000 0.219048 -0.131381
-3.400000 -1.400000 0.230856 -0.072346
-3.000000 -1.400000 0.245065 0.047089
-2.600000 -1.400000 0.262392 0.264516
-2.200000 -1.400000 0.283804 0.628623
-1.800000 -1.400000 0.310538 1.185071
-1.400000 -1.400000 0.343975 1.938214
-1.000000 -1.400000 0.384901 2.794137
-0.600000 -1.400000 0.431133 3.544969
-0.200000 -1.400000 0.472678 3.981169
0.200000 -1.400000 0.490434 4.047721
0.600000 -1.400000 0.472678 3.791867
1.000000 -1.400000 0.431133 3.247823
1.400000 -1.400000 0.384901 2.519123
1.800000 -1.400000 0.343975 1.781934
2.200000 -1.400000 0.310538 1.166998
2.600000 -1.400000 0.283804 0.715164
3.000000 -1.400000 0.262392 0.409159
3.400000 -1.400000 0.245065 0.212646
3.800000 -1.400000 0.230856 0.091111
4.200000 -1.400000 0.219048 0.018328
4.600000 -1.400000 0.209109 -0.023703
5.000000 -1.400000 0.200646 -0.046708
5.400000 -1.400000 0.193364 -0.058118
5.800000 -1.400000 0.187039 -0.062572
6.200000 -1.400000 0.181498 -0.062941
6.600000 -1.400000 0.176606 -0.060992
7.000000 -1.400000 0.172259 -0.057807
7.400000 -1.400000 0.168371 -0.054042
7.800000 -1.400000 0.164875 -0.050088
8.200000 -1.400000 0.161714 -0.046174
8.600000 -1.400000 0.158844 -0.042430
9.000000 -1.400000 0.156226 -0.038920
9.400000 -1.400000 0.153829 -0.035674
9.800000 -1.400000 0.151626 -0.032697
-9.800000 -1.000000 0.149663 -0.045467
-9.400000 -1.000000 0.151703 -0.050664
-9.000000 -1.000000 0.153916 -0.056621
-8.600000 -1.000000 0.156326 -0.063463
-8.200000 -1.000000 0.158958 -0.071334
-7.800000 -1.000000 0.161846 -0.080397
-7.400000 -1.000000 0.165028 -0.090828
-7.000000 -1.000000 0.168551 -0.102806
-6.600000 -1.000000 0.172471 -0.116493
-6.200000 -1.000000 0.176859 -0.131979
-5.800000 -1.000000 0.181802 -0.149202
-5.400000 -1.000000 0.187410 -0.167769
-5.000000 -1.000000 0.193823 -0.186654
-4.600000 -1.000000 0.201222 -0.203632
-4.200000 -1.000000 0.209844 -0.214277
-3.800000 -1.000000 0.220004 -0.210217
-3.400000 -1.000000 0.232129 -0.176260
-3.000000 -1.000000 0.246805 -0.086075
-2.600000 -1.000000 0.264845 0.102938
-2.200000 -1.000000 0.287383 0.451684
-1.800000 -1.000000 0.315967 1.026917
-1.400000 -1.000000 0.352538 1.854245
-1.000000 -1.000000 0.398807 2.832754
-0.600000 -1.000000 0.453553 3.693881
-0.200000 -1.000000 0.505554 4.163593
0.200000 -1.000000 0.528746 4.214129
0.600000 -1.000000 0.505554 3.941906
1.000000 -1.000000 0.453553 3.347707
1.400000 -1.000000 0.398807 2.528530
1.800000 -1.000000 0.352538 1.709527
2.200000 -1.000000 0.315967 1.051381
2.600000 -1.000000 0.287383 0.591121
3.000000 -1.000000 0.264845 0.296236
3.400000 -1.000000 0.246805 0.118042
3.800000 -1.000000 0.232129 0.015252
4.200000 -1.000000 0.220004 -0.041156
4.600000 -1.000000 0.209844 -0.069888
5.000000 -1.000000 0.201222 -0.082481
5.400000 -1.000000 0.193823 -0.085883
5.800000 -1.000000 0.187410 -0.084223
6.200000 -1.000000 0.181802 -0.079930
6.600000 -1.000000 0.176859 -0.074418
7.000000 -1.000000 0.172471 -0.068496
7.400000 -1.000000 0.168551 -0.062616
7.800000 -1.000000 0.165028 -0.057018
8.200000 -1.000000 0.161846 -0.051817
8.600000 -1.000000 0.158958 -0.047056
9.000000 -1.000000 0.156326 -0.042740
9.400000 -1.000000 0.153916 -0.038848
9.800000 -1.000000 0.151703 -0.035350
-9.800000 -0.600000 0.149712 -0.046915
-9.400000 -0.600000 0.151759 -0.052450
-9.000000 -0.600000 0.153979 -0.058838
-8.600000 -0.600000 0.156397 -0.066235
-8.200000 -0.600000 0.159040 -0.074827
-7.800000 -0.600000 0.161941 -0.084835
-7.400000 -0.600000 0.165139 -0.096516
-7.000000 -0.600000 0.168680 -0.110166
-6.600000 -0.600000 0.172624 -0.126109
-6.200000 -0.600000 0.177042 -0.144674
-5.800000 -0.600000 0.182022 -0.166141
-5.400000 -0.600000 0.187679 -0.190621
-5.000000 -0.600000 0.194155 -0.217820
-4.600000 -0.600000 0.201639 -0.246575
-4.200000 -0.600000 0.210378 -0.273973
-3.800000 -0.600000 0.220701 -0.293716
-3.400000 -0.600000 0.233062 -0.293205
-3.000000 -0.600000 0.248087 -0.248743
-2.600000 -0.600000 0.266667 -0.118853
-2.200000 -0.600000 0.290071 0.161166
-1.800000 -0.600000 0.320113 0.671369
-1.400000 -0.600000 0.359238 1.459662
-1.000000 -0.600000 0.410087 2.437735
-0.600000 -0.600000 0.472678 3.310558
-0.200000 -0.600000 0.535194 3.764721
0.200000 -0.600000 0.564238 3.802643
0.600000 -0.600000 0.535194 3.562429
1.000000 -0.600000 0.472678 3.001654
1.400000 -0.600000 0.410087 2.197734
1.800000 -0.600000 0.359238 1.402703
2.200000 -0.600000 0.320113 0.787438
2.600000 -0.600000 0.290071 0.378849
3.000000 -0.600000 0.266667 0.132989
3.400000 -0.600000 0.248087 -0.004425
3.800000 -0.600000 0.233062 -0.075638
4.200000 -0.600000 0.220701 -0.108498
4.600000 -0.600000 0.210378 -0.119980
5.000000 -0.600000 0.201639 -0.120010
5.400000 -0.600000 0.194155 -0.114255
5.800000 -0.600000 0.187679 -0.105885
6.200000 -0.600000 0.182022 -0.096638
6.600000 -0.600000 0.177042 -0.087436
7.000000 -0.600000 0.172624 -0.078740
7.400000 -0.600000 0.168680 -0.070754
7.800000 -0.600000 0.165139 -0.063542
8.200000 -0.600000 0.161941 -0.057092
8.600000 -0.600000 0.159040 -0.051356
9.000000 -0.600000 0.156397 -0.046272
9.400000 -0.600000 0.153979 -0.041770
9.800000 -0.600000 0.151759 -0.037784
-9.800000 -0.200000 0.149742 -0.047985
-9.400000 -0.200000 0.151792 -0.053781
-9.000000 -0.200000 0.154017 -0.060505
-8.600000 -0.200000 0.156440 -0.068340
-8.200000 -0.200000 0.159090 -0.077506
-7.800000 -0.200000 0.161998 -0.088274
-7.400000 -0.200000 0.165205 -0.100974
-7.000000 -0.200000 0.168758 -0.116003
-6.600000 -0.200000 0.172716 -0.133834
-6.200000 -0.200000 0.177152 -0.155020
-5.800000 -0.200000 0.182155 -0.180170
-5.400000 -0.200000 0.187841 -0.209897
-5.000000 -0.200000 0.194356 -0.244674
-4.600000 -0.200000 0.201892 -0.284524
-4.200000 -0.200000 0.210702 -0.328361
-3.800000 -0.200000 0.221125 -0.372701
-3.400000 -0.200000 0.233631 -0.409170
-3.000000 -0.200000 0.248873 -0.420106
-2.600000 -0.200000 0.267789 -0.371726
-2.200000 -0.200000 0.291741 -0.206750
-1.800000 -0.200000 0.322718 0.153433
-1.400000 -0.200000 0.363523 0.770884
-1.000000 -0.200000 0.417500 1.591900
-0.600000 -0.200000 0.485758 2.359627
-0.200000 -0.200000 0.556435 2.773079
0.200000 -0.200000 0.590290 2.826254
0.600000 -0.200000 0.556435 2.649800
1.000000 -0.200000 0.485758 2.192191
1.400000 -0.200000 0.417500 1.523076
1.800000 -0.200000 0.363523 0.876351
2.200000 -0.200000 0.322718 0.398136
2.600000 -0.200000 0.291741 0.100418
3.000000 -0.200000 0.267789 -0.063029
3.400000 -0.200000 0.248873 -0.142012
3.800000 -0.200000 0.233631 -0.172715
4.200000 -0.200000 0.221125 -0.177679
4.600000 -0.200000 0.210702 -0.169900
5.000000 -0.200000 0.201892 -0.156526
5.400000 -0.200000 0.194356 -0.141337
5.800000 -0.200000 0.187841 -0.126247
6.200000 -0.200000 0.182155 -0.112149
6.600000 -0.200000 0.177152 -0.099399
7.000000 -0.200000 0.172716 -0.088075
7.400000 -0.200000 0.168758 -0.078119
7.800000 -0.200000 0.165205 -0.069412
8.200000 -0.200000 0.161998 -0.061815
8.600000 -0.200000 0.159090 -0.055191
9.000000 -0.200000 0.156440 -0.049411
9.400000 -0.200000 0.154017 -0.044360
9.800000 -0.200000 0.151792 -0.039937
-9.800000 0.200000 0.149752 -0.048646
-9.400000 0.200000 0.151803 -0.054617
-9.000000 0.200000 0.154030 -0.061570
-8.600000 0.200000 0.156455 -0.069705
-8.200000 0.200000 0.159106 -0.079270
-7.800000 0.200000 0.162017 -0.090574
-7.400000 0.200000 0.165227 -0.104000
-7.000000 0.200000 0.168784 -0.120026
-6.600000 0.200000 0.172747 -0.139245
-6.200000 0.200000 0.177188 -0.162388
-5.800000 0.200000 0.182199 -0.190338
-5.400000 0.200000 0.187895 -0.224138
-5.000000 0.200000 0.194424 -0.264935
-4.600000 0.200000 0.201977 -0.313835
-4.200000 0.200000 0.210811 -0.371518
-3.800000 0.200000 0.221268 -0.437381
-3.400000 0.200000 0.233822 -0.507770
-3.000000 0.200000 0.249137 -0.572596
-2.600000 0.200000 0.268168 -0.609624
-2.200000 0.200000 0.292308 -0.577133
-1.800000 0.200000 0.323607 -0.411486
-1.400000 0.200000 0.364999 -0.049340
-1.000000 0.200000 0.420092 0.500526
-0.600000 0.200000 0.490434 1.075635
-0.200000 0.200000 0.564238 1.441092
0.200000 0.200000 0.600000 1.536757
0.600000 0.200000 0.564238 1.427961
1.000000 0.200000 0.490434 1.105205
1.400000 0.200000 0.420092 0.651768
1.800000 0.200000 0.364999 0.238720
2.200000 0.200000 0.323607 -0.042843
2.600000 0.200000 0.292308 -0.196725
3.000000 0.200000 0.268168 -0.262170
3.400000 0.200000 0.249137 -0.276387
3.800000 0.200000 0.233822 -0.264613
4.200000 0.200000 0.221268 -0.241577
4.600000 0.200000 0.210811 -0.215121
5.000000 0.200000 0.201977 -0.189098
5.400000 0.200000 0.194424 -0.165202
5.800000 0.200000 0.187895 -0.144015
6.200000 0.200000 0.182199 -0.125579
6.600000 0.200000 0.177188 -0.109693
7.000000 0.200000 0.172747 -0.096068
7.400000 0.200000 0.168784 -0.084400
7.800000 0.200000 0.165227 -0.074403
8.200000 0.200000 0.162017 -0.065822
8.600000 0.200000 0.159106 -0.058438
9.000000 0.200000 0.156455 -0.052066
9.400000 0.200000 0.154030 -0.046548
9.800000 0.200000 0.151803 -0.041754
-9.800000 0.600000 0.149742 -0.048883
-9.400000 0.600000 0.151792 -0.054938
-9.000000 0.600000 0.154017 -0.062002
-8.600000 0.600000 0.156440 -0.070289
-8.200000 0.600000 0.159090 -0.080061
-7.800000 0.600000 0.161998 -0.091650
-7.400000 0.600000 0.165205 -0.105473
-7.000000 0.600000 0.168758 -0.122059
-6.600000 0.600000 0.172716 -0.142077
-6.200000 0.600000 0.177152 -0.166374
-5.800000 0.600000 0.182155 -0.196021
-5.400000 0.600000 0.187841 -0.232354
-5.000000 0.600000 0.194356 -0.277001
-4.600000 0.600000 0.201892 -0.331864
-4.200000 0.600000 0.210702 -0.398963
-3.800000 0.600000 0.221125 -0.479989
-3.400000 0.600000 0.233631 -0.575229
-3.000000 0.600000 0.248873 -0.681324
-2.600000 0.600000 0.267789 -0.787141
-2.200000 0.600000 0.291741 -0.867656
-1.800000 0.600000 0.322718 -0.879027
-1.400000 0.600000 0.363523 -0.766410
-1.000000 0.600000 0.417500 -0.503021
-0.600000 0.600000 0.485758 -0.150946
-0.200000 0.600000 0.556435 0.143798
0.200000 0.600000 0.590290 0.273004
0.600000 0.600000 0.556435 0.226607
1.000000 0.600000 0.485758 0.044377
1.400000 0.600000 0.417500 -0.180255
1.800000 0.600000 0.363523 -0.352492
2.200000 0.600000 0.322718 -0.439420
2.600000 0.600000 0.291741 -0.456581
3.000000 0.600000 0.267789 -0.432203
3.400000 0.600000 0.248873 -0.388885
3.800000 0.600000 0.233631 -0.340344
4.200000 0.600000 0.221125 -0.293582
4.600000 0.600000 0.210702 -0.251571
5.000000 0.600000 0.201892 -0.215160
5.400000 0.600000 0.194356 -0.184191
5.800000 0.600000 0.187841 -0.158097
6.200000 0.600000 0.182155 -0.136192
6.600000 0.600000 0.177152 -0.117813
7.000000 0.600000 0.172716 -0.102366
7.400000 0.600000 0.168758 -0.089347
7.800000 0.600000 0.165205 -0.078334
8.200000 0.600000 0.161998 -0.068979
8.600000 0.600000 0.159090 -0.060999
9.000000 0.600000 0.156440 -0.054162
9.400000 0.600000 0.154017 -0.048278
9.800000 0.600000 0.151792 -0.043193
-9.800000 1.000000 0.149712 -0.048696
-9.400000 1.000000 0.151759 -0.054740
-9.000000 1.000000 0.153979 -0.061798
-8.600000 1.000000 0.156397 -0.070084
-8.200000 1.000000 0.159040 -0.079866
-7.800000 1.000000 0.161941 -0.091483
-7.400000 1.000000 0.165139 -0.105363
-7.000000 1.000000 0.168680 -0.122052
-6.600000 1.000000 0.172624 -0.142248
-6.200000 1.000000 0.177042 -0.166848
-5.800000 1.000000 0.182022 -0.197001
-5.400000 1.000000 0.187679 -0.234178
-5.000000 1.000000 0.194155 -0.280242
-4.600000 1.000000 0.201639 -0.337503
-4.200000 1.000000 0.210378 -0.408711
-3.800000 1.000000 0.220701 -0.496870
-3.400000 1.000000 0.233062 -0.604659
-3.000000 1.000000 0.248087 -0.733042
-2.600000 1.000000 0.266667 -0.878456
-2.200000 1.000000 0.290071 -1.028127
-1.800000 1.000000 0.320113 -1.154561
-1.400000 1.000000 0.359238 -1.214951
-1.000000 1.000000 0.410087 -1.167526
-0.600000 1.000000 0.472678 -1.010908
-0.200000 1.000000 0.535194 -0.816186
0.200000 1.000000 0.564238 -0.691245
0.600000 1.000000 0.535194 -0.682830
1.000000 1.000000 0.472678 -0.738835
1.400000 1.000000 0.410087 -0.781349
1.800000 1.000000 0.359238 -0.773035
2.200000 1.000000 0.320113 -0.718281
2.600000 1.000000 0.290071 -0.637644
3.000000 1.000000 0.266667 -0.549821
3.400000 1.000000 0.248087 -0.466272
3.800000 1.000000 0.233062 -0.392237
4.200000 1.000000 0.220701 -0.329134
4.600000 1.000000 0.210378 -0.276467
5.000000 1.000000 0.201639 -0.232967
5.400000 1.000000 0.194155 -0.197184
5.800000 1.000000 0.187679 -0.167753
6.200000 1.000000 0.182022 -0.143492
6.600000 1.000000 0.177042 -0.123417
7.000000 1.000000 0.172624 -0.106731
7.400000 1.000000 0.168680 -0.092790
7.800000 1.000000 0.165139 -0.081082
8.200000 1.000000 0.161941 -0.071197
8.600000 1.000000 0.159040 -0.062806
9.000000 1.000000 0.156397 -0.055648
9.400000 1.000000 0.153979 -0.049511
9.800000 1.000000 0.151759 -0.044223
-9.800000 1.400000 0.149663 -0.048096
-9.400000 1.400000 0.151703 -0.054041
-9.000000 1.400000 0.153916 -0.060979
-8.600000 1.400000 0.156326 -0.069119
-8.200000 1.400000 0.158958 -0.078723
-7.800000 1.400000 0.161846 -0.090121
-7.400000 1.400000 0.165028 -0.103731
-7.000000 1.400000 0.168551 -0.120086
-6.600000 1.400000 0.172471 -0.139870
-6.200000 1.400000 0.176859 -0.163958
-5.800000 1.400000 0.181802 -0.193482
-5.400000 1.400000 0.187410 -0.229894
-5.000000 1.400000 0.193823 -0.275054
-4.600000 1.400000 0.201222 -0.331305
-4.200000 1.400000 0.209844 -0.401525
-3.800000 1.400000 0.220004 -0.489059
-3.400000 1.400000 0.232129 -0.597388
-3.000000 1.400000 0.246805 -0.729218
-2.600000 1.400000 0.264845 -0.884540
-2.200000 1.400000 0.287383 -1.057144
-1.800000 1.400000 0.315967 -1.229851
-1.400000 1.400000 0.352538 -1.371292
-1.000000 1.400000 0.398807 -1.441780
-0.600000 1.400000 0.453553 -1.417087
-0.200000 1.400000 0.505554 -1.322486
0.200000 1.400000 0.528746 -1.230896
0.600000 1.400000 0.505554 -1.186297
1.000000 1.400000 0.453553 -1.154440
1.400000 1.400000 0.398807 -1.089151
1.800000 1.400000 0.352538 -0.983664
2.200000 1.400000 0.315967 -0.856126
2.600000 1.400000 0.287383 -0.726439
3.000000 1.400000 0.264845 -0.607248
3.400000 1.400000 0.246805 -0.504005
3.800000 1.400000 0.232129 -0.417581
4.200000 1.400000 0.220004 -0.346577
4.600000 1.400000 0.209844 -0.288769
5.000000 1.400000 0.201222 -0.241849
5.400000 1.400000 0.193823 -0.203738
5.800000 1.400000 0.187410 -0.172686
6.200000 1.400000 0.181802 -0.147272
6.600000 1.400000 0.176859 -0.126361
7.000000 1.400000 0.172471 -0.109057
7.400000 1.400000 0.168551 -0.094653
7.800000 1.400000 0.165028 -0.082591
8.200000 1.400000 0.161846 -0.072433
8.600000 1.400000 0.158958 -0.063828
9.000000 1.400000 0.156326 -0.056501
9.400000 1.400000 0.153916 -0.050228
9.800000 1.400000 0.151703 -0.044831
-9.800000 1.800000 0.149595 -0.047112
-9.400000 1.800000 0.151626 -0.052875
-9.000000 1.800000 0.153829 -0.059589
-8.600000 1.800000 0.156226 -0.067451
-8.200000 1.800000 0.158844 -0.076707
-7.800000 1.800000 0.161714 -0.087666
-7.400000 1.800000 0.164875 -0.100718
-7.000000 1.800000 0.168371 -0.116357
-6.600000 1.800000 0.172259 -0.135214
-6.200000 1.800000 0.176606 -0.158094
-5.800000 1.800000 0.181498 -0.186026
-5.400000 1.800000 0.187039 -0.220329
-5.000000 1.800000 0.193364 -0.262677
-4.600000 1.800000 0.200646 -0.315168
-4.200000 1.800000 0.209109 -0.380369
-3.800000 1.800000 0.219048 -0.461273
-3.400000 1.800000 0.230856 -0.561046
-3.000000 1.800000 0.245065 -0.682377
-2.600000 1.800000 0.262392 -0.826067
-2.200000 1.800000 0.283804 -0.988556
-1.800000 1.800000 0.310538 -1.158469
-1.400000 1.800000 0.343975 -1.313823
-1.000000 1.800000 0.384901 -1.424420
-0.600000 1.800000 0.431133 -1.465573
-0.200000 1.800000 0.472678 -1.440917
0.200000 1.800000 0.490434 -1.386941
0.600000 1.800000 0.472678 -1.330893
1.000000 1.800000 0.431133 -1.259272
1.400000 1.800000 0.384901 -1.153501
1.800000 1.800000 0.343975 -1.018878
2.200000 1.800000 0.310538 -0.873865
2.600000 1.800000 0.283804 -0.734848
3.000000 1.800000 0.262392 -0.611076
3.400000 1.800000 0.245065 -0.505736
3.800000 1.800000 0.230856 -0.418417
4.200000 1.800000 0.219048 -0.347066
4.600000 1.800000 0.209109 -0.289143
5.000000 1.800000 0.200646 -0.242196
5.400000 1.800000 0.193364 -0.204084
5.800000 1.800000 0.187039 -0.173034
6.200000 1.800000 0.181498 -0.147617
6.600000 1.800000 0.176606 -0.126697
7.000000 1.800000 0.172259 -0.109378
7.400000 1.800000 0.168371 -0.094955
7.800000 1.800000 0.164875 -0.082874
8.200000 1.800000 0.161714 -0.072694
8.600000 1.800000 0.158844 -0.064069
9.000000 1.800000 0.156226 -0.056721
9.400000 1.800000 0.153829 -0.050430
9.800000 1.800000 0.151626 -0.045015
-9.800000 2.200000 0.149507 -0.045780
-9.400000 2.200000 0.151527 -0.051290
-9.000000 2.200000 0.153717 -0.057691
-8.600000 2.200000 0.156098 -0.065163
-8.200000 2.200000 0.158698 -0.073929
-7.800000 2.200000 0.161546 -0.084268
-7.400000 2.200000 0.164679 -0.096527
-7.000000 2.200000 0.168142 -0.111146
-6.600000 2.200000 0.171989 -0.128675
-6.200000 2.200000 0.176285 -0.149812
-5.800000 2.200000 0.181111 -0.175439
-5.400000 2.200000 0.186568 -0.206665
-5.000000 2.200000 0.192784 -0.244875
-4.600000 2.200000 0.199920 -0.291772
-4.200000 2.200000 0.208186 -0.349389
-3.800000 2.200000 0.217851 -0.420027
-3.400000 2.200000 0.229272 -0.506042
-3.000000 2.200000 0.242915 -0.609329
-2.600000 2.200000 0.259394 -0.730321
-2.200000 2.200000 0.279490 -0.866346
-1.800000 2.200000 0.304124 -1.009468
-1.400000 2.200000 0.334146 -1.144858
-1.000000 2.200000 0.369582 -1.252164
-0.600000 2.200000 0.407729 -1.313026
-0.200000 2.200000 0.440207 -1.323379
0.200000 2.200000 0.453553 -1.297004
0.600000 2.200000 0.440207 -1.247223
1.000000 2.200000 0.407729 -1.171987
1.400000 2.200000 0.369582 -1.067966
1.800000 2.200000 0.334146 -0.943336
2.200000 2.200000 0.304124 -0.812472
2.600000 2.200000 0.279490 -0.687655
3.000000 2.200000 0.259394 -0.576013
3.400000 2.200000 0.242915 -0.480175
3.800000 2.200000 0.229272 -0.399948
4.200000 2.200000 0.217851 -0.333753
4.600000 2.200000 0.208186 -0.279530
5.000000 2.200000 0.199920 -0.235224
5.400000 2.200000 0.192784 -0.199000
5.800000 2.200000 0.186568 -0.169303
6.200000 2.200000 0.181111 -0.144860
6.600000 2.200000 0.176285 -0.124647
7.000000 2.200000 0.171989 -0.107845
7.400000 2.200000 0.168142 -0.093802
7.800000 2.200000 0.164679 -0.082002
8.200000 2.200000 0.161546 -0.072033
8.600000 2.200000 0.158698 -0.063566
9.000000 2.200000 0.156098 -0.056338
9.400000 2.200000 0.153717 -0.050136
9.800000 2.200000 0.151527 -0.044791
-9.800000 2.600000 0.149401 -0.044147
-9.400000 2.600000 0.151407 -0.049347
-9.000000 2.600000 0.153581 -0.055364
-8.600000 2.600000 0.155944 -0.062358
-8.200000 2.600000 0.158521 -0.070525
-7.800000 2.600000 0.161342 -0.080106
-7.400000 2.600000 0.164442 -0.091402
-7.000000 2.600000 0.167866 -0.104782
-6.600000 2.600000 0.171663 -0.120710
-6.200000 2.600000 0.175897 -0.139757
-5.800000 2.600000 0.180645 -0.162636
-5.400000 2.600000 0.186003 -0.190221
-5.000000 2.600000 0.192089 -0.223578
-4.600000 2.600000 0.199054 -0.263974
-4.200000 2.600000 0.207088 -0.312869
-3.800000 2.600000 0.216437 -0.371831
-3.400000 2.600000 0.227412 -0.442353
-3.000000 2.600000 0.240414 -0.525458
-2.600000 2.600000 0.255946 -0.621027
-2.200000 2.600000 0.274608 -0.726792
-1.800000 2.600000 0.297028 -0.837151
-1.400000 2.600000 0.323607 -0.942421
-1.000000 2.600000 0.353837 -1.029766
-0.600000 2.600000 0.384901 -1.087088
-0.200000 2.600000 0.410087 -1.108955
0.200000 2.600000 0.420092 -1.098713
0.600000 2.600000 0.410087 -1.061872
1.000000 2.600000 0.384901 -1.000158
1.400000 2.600000 0.353837 -0.915862
1.800000 2.600000 0.323607 -0.816336
2.200000 2.600000 0.297028 -0.711628
2.600000 2.600000 0.274608 -0.610421
3.000000 2.600000 0.255946 -0.518209
3.400000 2.600000 0.240414 -0.437463
3.800000 2.600000 0.227412 -0.368557
4.200000 2.600000 0.216437 -0.310687
4.600000 2.600000 0.207088 -0.262528
5.000000 2.600000 0.199054 -0.222625
5.400000 2.600000 0.192089 -0.189599
5.800000 2.600000 0.186003 -0.162237
6.200000 2.600000 0.180645 -0.139508
6.600000 2.600000 0.175897 -0.120561
7.000000 2.600000 0.171663 -0.104701
7.400000 2.600000 0.167866 -0.091366
7.800000 2.600000 0.164442 -0.080100
8.200000 2.600000 0.161342 -0.070538
8.600000 2.600000 0.158521 -0.062383
9.000000 2.600000 0.155944 -0.055397
9.400000 2.600000 0.153581 -0.049384
9.800000 2.600000 0.151407 -0.044186
-9.800000 3.000000 0.149276 -0.042265
-9.400000 3.000000 0.151267 -0.047110
-9.000000 3.000000 0.153422 -0.052692
-8.600000 3.000000 0.155762 -0.059146
-8.200000 3.000000 0.158313 -0.066639
-7.800000 3.000000 0.161103 -0.075374
-7.400000 3.000000 0.164166 -0.085598
-7.000000 3.000000 0.167543 -0.097614
-6.600000 3.000000 0.171283 -0.111792
-6.200000 3.000000 0.175446 -0.128579
-5.800000 3.000000 0.180105 -0.148520
-5.400000 3.000000 0.185349 -0.172265
-5.000000 3.000000 0.191287 -0.200579
-4.600000 3.000000 0.198058 -0.234339
-4.200000 3.000000 0.205833 -0.274499
-3.800000 3.000000 0.214829 -0.322017
-3.400000 3.000000 0.225314 -0.377696
-3.000000 3.000000 0.237620 -0.441914
-2.600000 3.000000 0.252145 -0.514197
-2.200000 3.000000 0.269321 -0.592656
-1.800000 3.000000 0.289525 -0.673404
-1.400000 3.000000 0.312814 -0.750281
-1.000000 3.000000 0.338366 -0.815461
-0.600000 3.000000 0.363523 -0.861380
-0.200000 3.000000 0.383069 -0.883468
0.200000 3.000000 0.390619 -0.881378
0.600000 3.000000 0.383069 -0.857022
1.000000 3.000000 0.363523 -0.812466
1.400000 3.000000 0.338366 -0.750899
1.800000 3.000000 0.312814 -0.677804
2.200000 3.000000 0.289525 -0.599828
2.600000 3.000000 0.269321 -0.522872
3.000000 3.000000 0.252145 -0.451042
3.400000 3.000000 0.237620 -0.386569
3.800000 3.000000 0.225314 -0.330230
4.200000 3.000000 0.214829 -0.281870
4.600000 3.000000 0.205833 -0.240824
5.000000 3.000000 0.198058 -0.206214
5.400000 3.000000 0.191287 -0.177124
5.800000 3.000000 0.185349 -0.152694
6.200000 3.000000 0.180105 -0.132158
6.600000 3.000000 0.175446 -0.114860
7.000000 3.000000 0.171283 -0.100248
7.400000 3.000000 0.167543 -0.087862
7.800000 3.000000 0.164166 -0.077325
8.200000 3.000000 0.161103 -0.068326
8.600000 3.000000 0.158313 -0.060608
9.000000 3.000000 0.155762 -0.053964
9.400000 3.000000 0.153422 -0.048221
9.800000 3.000000 0.151267 -0.043236
-9.800000 3.400000 0.149133 -0.040187
-9.400000 3.400000 0.151106 -0.044651
-9.000000 3.400000 0.153240 -0.049763
-8.600000 3.400000 0.155556 -0.055640
-8.200000 3.400000 0.158077 -0.062417
-7.800000 3.400000 0.160831 -0.070261
-7.400000 3.400000 0.163851 -0.079367
-7.000000 3.400000 0.167176 -0.089974
-6.600000 3.400000 0.170853 -0.102363
-6.200000 3.400000 0.174936 -0.116871
-5.800000 3.400000 0.179495 -0.133892
-5.400000 3.400000 0.184612 -0.153883
-5.000000 3.400000 0.190388 -0.177359
-4.600000 3.400000 0.196946 -0.204882
-4.200000 3.400000 0.204439 -0.237024
-3.800000 3.400000 0.213054 -0.274299
-3.400000 3.400000 0.223017 -0.317055
-3.000000 3.400000 0.234595 -0.365290
-2.600000 3.400000 0.248087 -0.418412
-2.200000 3.400000 0.263780 -0.474942
-1.800000 3.400000 0.281848 -0.532251
-1.400000 3.400000 0.302113 -0.586495
-1.000000 3.400000 0.323607 -0.632975
-0.600000 3.400000 0.343975 -0.667072
-0.200000 3.400000 0.359238 -0.685502
0.200000 3.400000 0.364999 -0.687050
0.600000 3.400000 0.359238 -0.672174
1.000000 3.400000 0.343975 -0.642339
1.400000 3.400000 0.323607 -0.600071
1.800000 3.400000 0.302113 -0.549061
2.200000 3.400000 0.281848 -0.493552
2.600000 3.400000 0.263780 -0.437440
3.000000 3.400000 0.248087 -0.383675
3.400000 3.400000 0.234595 -0.334122
3.800000 3.400000 0.223017 -0.289703
4.200000 3.400000 0.213054 -0.250658
4.600000 3.400000 0.204439 -0.216791
5.000000 3.400000 0.196946 -0.187672
5.400000 3.400000 0.190388 -0.162766
5.800000 3.400000 0.184612 -0.141523
6.200000 3.400000 0.179495 -0.123420
6.600000 3.400000 0.174936 -0.107986
7.000000 3.400000 0.170853 -0.094807
7.400000 3.400000 0.167176 -0.083529
7.800000 3.400000 0.163851 -0.073854
8.200000 3.400000 0.160831 -0.065527
8.600000 3.400000 0.158077 -0.058340
9.000000 3.400000 0.155556 -0.052114
9.400000 3.400000 0.153240 -0.046704
9.800000 3.400000 0.151106 -0.041987
-9.800000 3.800000 0.148973 -0.037970
-9.400000 3.800000 0.150925 -0.042035
-9.000000 3.800000 0.153036 -0.046664
-8.600000 3.800000 0.155324 -0.051948
-8.200000 3.800000 0.157812 -0.057999
-7.800000 3.800000 0.160527 -0.064945
-7.400000 3.800000 0.163500 -0.072937
-7.000000 3.800000 0.166768 -0.082156
-6.600000 3.800000 0.170374 -0.092807
-6.200000 3.800000 0.174371 -0.105131
-5.800000 3.800000 0.178821 -0.119400
-5.400000 3.800000 0.183800 -0.135917
-5.000000 3.800000 0.189400 -0.155008
-4.600000 3.800000 0.195730 -0.177003
-4.200000 3.800000 0.202923 -0.202210
-3.800000 3.800000 0.211139 -0.230863
-3.400000 3.800000 0.220561 -0.263045
-3.000000 3.800000 0.231397 -0.298585
-2.600000 3.800000 0.243859 -0.336922
-2.200000 3.800000 0.258114 -0.376964
-1.800000 3.800000 0.274183 -0.416980
-1.400000 3.800000 0.291741 -0.454602
-1.000000 3.800000 0.309795 -0.487021
-0.600000 3.800000 0.326339 -0.511445
-0.200000 3.800000 0.338366 -0.525683
0.200000 3.800000 0.342821 -0.528590
0.600000 3.800000 0.338366 -0.520107
1.000000 3.800000 0.326339 -0.501084
1.400000 3.800000 0.309795 -0.473178
1.800000 3.800000 0.291741 -0.438714
2.200000 3.800000 0.274183 -0.400332
2.600000 3.800000 0.258114 -0.360540
3.000000 3.800000 0.243859 -0.321387
3.400000 3.800000 0.231397 -0.284325
3.800000 3.800000 0.220561 -0.250234
4.200000 3.800000 0.211139 -0.219529
4.600000 3.800000 0.202923 -0.192290
5.000000 3.800000 0.195730 -0.168384
5.400000 3.800000 0.189400 -0.147554
5.800000 3.800000 0.183800 -0.129489
6.200000 3.800000 0.178821 -0.113863
6.600000 3.800000 0.174371 -0.100361
7.000000 3.800000 0.170374 -0.088694
7.400000 3.800000 0.166768 -0.078604
7.800000 3.800000 0.163500 -0.069865
8.200000 3.800000 0.160527 -0.062280
8.600000 3.800000 0.157812 -0.055682
9.000000 3.800000 0.155324 -0.049929
9.400000 3.800000 0.153036 -0.044898
9.800000 3.800000 0.150925 -0.040487
-9.800000 4.200000 0.148795 -0.035663
-9.400000 4.200000 0.150725 -0.039328
-9.000000 4.200000 0.152810 -0.043473
-8.600000 4.200000 0.155068 -0.048171
-8.200000 4.200000 0.157521 -0.053508
-7.800000 4.200000 0.160193 -0.059581
-7.400000 4.200000 0.163114 -0.066504
-7.000000 4.200000 0.166320 -0.074406
-6.600000 4.200000 0.169850 -0.083432
-6.200000 4.200000 0.173753 -0.093745
-5.800000 4.200000 0.178087 -0.105525
-5.400000 4.200000 0.182920 -0.118958
-5.000000 4.200000 0.188333 -0.134236
-4.600000 4.200000 0.194424 -0.151536
-4.200000 4.200000 0.201305 -0.170999
-3.800000 4.200000 0.209109 -0.192697
-3.400000 4.200000 0.217982 -0.216587
-3.000000 4.200000 0.228079 -0.242449
-2.600000 4.200000 0.239536 -0.269824
-2.200000 4.200000 0.252428 -0.297943
-1.800000 4.200000 0.266667 -0.325692
-1.400000 4.200000 0.281848 -0.351620
-1.000000 4.200000 0.297028 -0.374051
-0.600000 4.200000 0.310538 -0.391299
-0.200000 4.200000 0.320113 -0.401958
0.200000 4.200000 0.323607 -0.405161
0.600000 4.200000 0.320113 -0.400703
1.000000 4.200000 0.310538 -0.389014
1.400000 4.200000 0.297028 -0.371078
1.800000 4.200000 0.281848 -0.348292
2.200000 4.200000 0.266667 -0.322260
2.600000 4.200000 0.252428 -0.294569
3.000000 4.200000 0.239536 -0.266596
3.400000 4.200000 0.228079 -0.239414
3.800000 4.200000 0.217982 -0.213767
4.200000 4.200000 0.209109 -0.190101
4.600000 4.200000 0.201305 -0.168628
5.000000 4.200000 0.194424 -0.149386
5.400000 4.200000 0.188333 -0.132297
5.800000 4.200000 0.182920 -0.117218
6.200000 4.200000 0.178087 -0.103969
6.600000 4.200000 0.173753 -0.092358
7.000000 4.200000 0.169850 -0.082198
7.400000 4.200000 0.166320 -0.073309
7.800000 4.200000 0.163114 -0.065531
8.200000 4.200000 0.160193 -0.058717
8.600000 4.200000 0.157521 -0.052741
9.000000 4.200000 0.155068 -0.047489
9.400000 4.200000 0.152810 -0.042866
9.800000 4.200000 0.150725 -0.038787
-9.800000 4.600000 0.148601 -0.033315
-9.400000 4.600000 0.150508 -0.036587
-9.000000 4.600000 0.152565 -0.040261
-8.600000 4.600000 0.154790 -0.044394
-8.200000 4.600000 0.157204 -0.049050
-7.800000 4.600000 0.159830 -0.054300
-7.400000 4.600000 0.162696 -0.060225
-7.000000 4.600000 0.165835 -0.066915
-6.600000 4.600000 0.169284 -0.074467
-6.200000 4.600000 0.173088 -0.082987
-5.800000 4.600000 0.177299 -0.092585
-5.400000 4.600000 0.181978 -0.103368
-5.000000 4.600000 0.187198 -0.115437
-4.600000 4.600000 0.193040 -0.128875
-4.200000 4.600000 0.199602 -0.143726
-3.800000 4.600000 0.206990 -0.159982
-3.400000 4.600000 0.215316 -0.177553
-3.000000 4.600000 0.224689 -0.196234
-2.600000 4.600000 0.235185 -0.215680
-2.200000 4.600000 0.246805 -0.235370
-1.800000 4.600000 0.259394 -0.254597
-1.400000 4.600000 0.272516 -0.272480
-1.000000 4.600000 0.285312 -0.288013
-0.600000 4.600000 0.296419 -0.300177
-0.200000 4.600000 0.304124 -0.308082
0.200000 4.600000 0.306901 -0.311126
0.600000 4.600000 0.304124 -0.309088
1.000000 4.600000 0.296419 -0.302157
1.400000 4.600000 0.285312 -0.290875
1.800000 4.600000 0.272516 -0.276049
2.200000 4.600000 0.259394 -0.258637
2.600000 4.600000 0.246805 -0.239620
3.000000 4.600000 0.235185 -0.219905
3.400000 4.600000 0.224689 -0.200253
3.800000 4.600000 0.215316 -0.181246
4.200000 4.600000 0.206990 -0.163287
4.600000 4.600000 0.199602 -0.146625
5.000000 4.600000 0.193040 -0.131381
5.400000 4.600000 0.187198 -0.117581
5.800000 4.600000 0.181978 -0.105189
6.200000 4.600000 0.177299 -0.094125
6.600000 4.600000 0.173088 -0.084287
7.000000 4.600000 0.169284 -0.075563
7.400000 4.600000 0.165835 -0.067839
7.800000 4.600000 0.162696 -0.061006
8.200000 4.600000 0.159830 -0.054961
8.600000 4.600000 0.157204 -0.049612
9.000000 4.600000 0.154790 -0.044873
9.400000 4.600000 0.152565 -0.040670
9.800000 4.600000 0.150508 -0.036938
-9.800000 5.000000 0.148391 -0.030968
-9.400000 5.000000 0.150272 -0.033862
-9.000000 5.000000 0.152299 -0.037089
-8.600000 5.000000 0.154490 -0.040690
-8.200000 5.000000 0.156862 -0.044710
-7.800000 5.000000 0.159440 -0.049201
-7.400000 5.000000 0.162248 -0.054218
-7.000000 5.000000 0.165316 -0.059821
-6.600000 5.000000 0.168680 -0.066070
-6.200000 5.000000 0.172380 -0.073031
-5.800000 5.000000 0.176463 -0.080764
-5.400000 5.000000 0.180983 -0.089326
-5.000000 5.000000 0.186003 -0.098761
-4.600000 5.000000 0.191593 -0.109097
-4.200000 5.000000 0.197833 -0.120330
-3.800000 5.000000 0.204805 -0.132419
-3.400000 5.000000 0.212594 -0.145268
-3.000000 5.000000 0.221268 -0.158712
-2.600000 5.000000 0.230856 -0.172506
-2.200000 5.000000 0.241308 -0.186308
-1.800000 5.000000 0.252428 -0.199676
-1.400000 5.000000 0.263780 -0.212076
-1.000000 5.000000 0.274608 -0.222901
-0.600000 5.000000 0.283804 -0.231533
-0.200000 5.000000 0.290071 -0.237412
0.200000 5.000000 0.292308 -0.240128
0.600000 5.000000 0.290071 -0.239494
1.000000 5.000000 0.283804 -0.235566
1.400000 5.000000 0.274608 -0.228622
1.800000 5.000000 0.263780 -0.219113
2.200000 5.000000 0.252428 -0.207597
2.600000 5.000000 0.241308 -0.194672
3.000000 5.000000 0.230856 -0.180921
3.400000 5.000000 0.221268 -0.166867
3.800000 5.000000 0.212594 -0.152941
4.200000 5.000000 0.204805 -0.139477
4.600000 5.000000 0.197833 -0.126710
5.000000 5.000000 0.191593 -0.114789
5.400000 5.000000 0.186003 -0.103790
5.800000 5.000000 0.180983 -0.093738
6.200000 5.000000 0.176463 -0.084617
6.600000 5.000000 0.172380 -0.076386
7.000000 5.000000 0.168680 -0.068988
7.400000 5.000000 0.165316 -0.062357
7.800000 5.000000 0.162248 -0.056423
8.200000 5.000000 0.159440 -0.051121
8.600000 5.000000 0.156862 -0.046384
9.000000 5.000000 0.154490 -0.042151
9.400000 5.000000 0.152299 -0.038369
9.800000 5.000000 0.150272 -0.034985
-9.800000 5.400000 0.148166 -0.028656
-9.400000 5.400000 0.150020 -0.031196
-9.000000 5.400000 0.152016 -0.034005
-8.600000 5.400000 0.154169 -0.037114
-8.200000 5.400000 0.156498 -0.040554
-7.800000 5.400000 0.159024 -0.044360
-7.400000 5.400000 0.161771 -0.048567
-7.000000 5.400000 0.164766 -0.053213
-6.600000 5.400000 0.168041 -0.058335
-6.200000 5.400000 0.171634 -0.063966
-5.800000 5.400000 0.175584 -0.070139
-5.400000 5.400000 0.179941 -0.076876
-5.000000 5.400000 0.184758 -0.084190
-4.600000 5.400000 0.190094 -0.092080
-4.200000 5.400000 0.196012 -0.100522
-3.800000 5.400000 0.202576 -0.109468
-3.400000 5.400000 0.209844 -0.118834
-3.000000 5.400000 0.217851 -0.128499
-2.600000 5.400000 0.226592 -0.138296
-2.200000 5.400000 0.235982 -0.148006
-1.800000 5.400000 0.245803 -0.157358
-1.400000 5.400000 0.255643 -0.166027
-1.000000 5.400000 0.264845 -0.173647
-0.600000 5.400000 0.272516 -0.179839
-0.200000 5.400000 0.277667 -0.184249
0.200000 5.400000 0.279490 -0.186603
0.600000 5.400000 0.277667 -0.186749
1.000000 5.400000 0.272516 -0.184680
1.400000 5.400000 0.264845 -0.180526
1.800000 5.400000 0.255643 -0.174525
2.200000 5.400000 0.245803 -0.166995
2.600000 5.400000 0.235982 -0.158293
3.000000 5.400000 0.226592 -0.148786
3.400000 5.400000 0.217851 -0.138824
3.800000 5.400000 0.209844 -0.128716
4.200000 5.400000 0.202576 -0.118721
4.600000 5.400000 0.196012 -0.109038
5.000000 5.400000 0.190094 -0.099814
5.400000 5.400000 0.184758 -0.091142
5.800000 5.400000 0.179941 -0.083078
6.200000 5.400000 0.175584 -0.075641
6.600000 5.400000 0.171634 -0.068830
7.000000 5.400000 0.168041 -0.062624
7.400000 5.400000 0.164766 -0.056990
7.800000 5.400000 0.161771 -0.051891
8.200000 5.400000 0.159024 -0.047286
8.600000 5.400000 0.156498 -0.043132
9.000000 5.400000 0.154169 -0.039387
9.400000 5.400000 0.152016 -0.036013
9.800000 5.400000 0.150020 -0.032973
-9.800000 5.800000 0.147927 -0.026410
-9.400000 5.800000 0.149752 -0.028620
-9.000000 5.800000 0.151714 -0.031047
-8.600000 5.800000 0.153829 -0.033708
-8.200000 5.800000 0.156113 -0.036627
-7.800000 5.800000 0.158585 -0.039825
-7.400000 5.800000 0.161268 -0.043323
-7.000000 5.800000 0.164187 -0.047143
-6.600000 5.800000 0.167371 -0.051304
-6.200000 5.800000 0.170853 -0.055822
-5.800000 5.800000 0.174668 -0.060709
-5.400000 5.800000 0.178860 -0.065970
-5.000000 5.800000 0.183473 -0.071602
-4.600000 5.800000 0.188555 -0.077590
-4.200000 5.800000 0.194155 -0.083905
-3.800000 5.800000 0.200322 -0.090503
-3.400000 5.800000 0.207088 -0.097321
-3.000000 5.800000 0.214467 -0.104274
-2.600000 5.800000 0.222426 -0.111253
-2.200000 5.800000 0.230856 -0.118123
-1.800000 5.800000 0.239536 -0.124717
-1.400000 5.800000 0.248087 -0.130840
-1.000000 5.800000 0.255946 -0.136270
-0.600000 5.800000 0.262392 -0.140772
-0.200000 5.800000 0.266667 -0.144121
0.200000 5.800000 0.268168 -0.146131
0.600000 5.800000 0.266667 -0.146685
1.000000 5.800000 0.262392 -0.145748
1.400000 5.800000 0.255946 -0.143369
1.800000 5.800000 0.248087 -0.139665
2.200000 5.800000 0.239536 -0.134810
2.600000 5.800000 0.230856 -0.129012
3.000000 5.800000 0.222426 -0.122497
3.400000 5.800000 0.214467 -0.115494
3.800000 5.800000 0.207088 -0.108217
4.200000 5.800000 0.200322 -0.100859
4.600000 5.800000 0.194155 -0.093579
5.000000 5.800000 0.188555 -0.086505
5.400000 5.800000 0.183473 -0.079732
5.800000 5.800000 0.178860 -0.073323
6.200000 5.800000 0.174668 -0.067317
6.600000 5.800000 0.170853 -0.061734
7.000000 5.800000 0.167371 -0.056576
7.400000 5.800000 0.164187 -0.051835
7.800000 5.800000 0.161268 -0.047494
8.200000 5.800000 0.158585 -0.043530
8.600000 5.800000 0.156113 -0.039919
9.000000 5.800000 0.153829 -0.036634
9.400000 5.800000 0.151714 -0.033650
9.800000 5.800000 0.149752 -0.030939
-9.800000 6.200000 0.147673 -0.024251
-9.400000 6.200000 0.149469 -0.026162
-9.000000 6.200000 0.151396 -0.028241
-8.600000 6.200000 0.153471 -0.030503
-8.200000 6.200000 0.155707 -0.032960
-7.800000 6.200000 0.158124 -0.035626
-7.400000 6.200000 0.160741 -0.038512
-7.000000 6.200000 0.163582 -0.041628
-6.600000 6.200000 0.166673 -0.044983
-6.200000 6.200000 0.170041 -0.048581
-5.800000 6.200000 0.173721 -0.052424
-5.400000 6.200000 0.177746 -0.056506
-5.000000 6.200000 0.182155 -0.060817
-4.600000 6.200000 0.186986 -0.065340
-4.200000 6.200000 0.192277 -0.070048
-3.800000 6.200000 0.198058 -0.074906
-3.400000 6.200000 0.204348 -0.079869
-3.000000 6.200000 0.211139 -0.084881
-2.600000 6.200000 0.218378 -0.089874
-2.200000 6.200000 0.225948 -0.094767
-1.800000 6.200000 0.233631 -0.099459
-1.400000 6.200000 0.241083 -0.103833
-1.000000 6.200000 0.247828 -0.107755
-0.600000 6.200000 0.253285 -0.111077
-0.200000 6.200000 0.256864 -0.113654
0.200000 6.200000 0.258114 -0.115360
0.600000 6.200000 0.256864 -0.116104
1.000000 6.200000 0.253285 -0.115843
1.400000 6.200000 0.247828 -0.114583
1.800000 6.200000 0.241083 -0.112374
2.200000 6.200000 0.233631 -0.109306
2.600000 6.200000 0.225948 -0.105495
3.000000 6.200000 0.218378 -0.101077
3.400000 6.200000 0.211139 -0.096196
3.800000 6.200000 0.204348 -0.091000
4.200000 6.200000 0.198058 -0.085626
4.600000 6.200000 0.192277 -0.080196
5.000000 6.200000 0.186986 -0.074814
5.400000 6.200000 0.182155 -0.069566
5.800000 6.200000 0.177746 -0.064514
6.200000 6.200000 0.173721 -0.059704
6.600000 6.200000 0.170041 -0.055166
7.000000 6.200000 0.166673 -0.050916
7.400000 6.200000 0.163582 -0.046959
7.800000 6.200000 0.160741 -0.043292
8.200000 6.200000 0.158124 -0.039908
8.600000 6.200000 0.155707 -0.036794
9.000000 6.200000 0.153471 -0.033935
9.400000 6.200000 0.151396 -0.031315
9.800000 6.200000 0.149469 -0.028916
-9.800000 6.600000 0.147407 -0.022198
-9.400000 6.600000 0.149171 -0.023837
-9.000000 6.600000 0.151063 -0.025607
-8.600000 6.600000 0.153095 -0.027515
-8.200000 6.600000 0.155283 -0.029569
-7.800000 6.600000 0.157643 -0.031775
-7.400000 6.600000 0.160193 -0.034138
-7.000000 6.600000 0.162954 -0.036663
-6.600000 6.600000 0.165950 -0.039349
-6.200000 6.600000 0.169205 -0.042196
-5.800000 6.600000 0.172747 -0.045198
-5.400000 6.600000 0.176606 -0.048348
-5.000000 6.600000 0.180814 -0.051633
-4.600000 6.600000 0.185398 -0.055037
-4.200000 6.600000 0.190388 -0.058537
-3.800000 6.600000 0.195800 -0.062110
-3.400000 6.600000 0.201639 -0.065725
-3.000000 6.600000 0.207883 -0.069348
-2.600000 6.600000 0.214467 -0.072939
-2.200000 6.600000 0.221268 -0.076449
-1.800000 6.600000 0.228079 -0.079821
-1.400000 6.600000 0.234595 -0.082984
-1.000000 6.600000 0.240414 -0.085857
-0.600000 6.600000 0.245065 -0.088346
-0.200000 6.600000 0.248087 -0.090357
0.200000 6.600000 0.249137 -0.091802
0.600000 6.600000 0.248087 -0.092612
1.000000 6.600000 0.245065 -0.092743
1.400000 6.600000 0.240414 -0.092181
1.800000 6.600000 0.234595 -0.090940
2.200000 6.600000 0.228079 -0.089061
2.600000 6.600000 0.221268 -0.086604
3.000000 6.600000 0.214467 -0.083649
3.400000 6.600000 0.207883 -0.080284
3.800000 6.600000 0.201639 -0.076607
4.200000 6.600000 0.195800 -0.072713
4.600000 6.600000 0.190388 -0.068693
5.000000 6.600000 0.185398 -0.064630
5.400000 6.600000 0.180814 -0.060594
5.800000 6.600000 0.176606 -0.056642
6.200000 6.600000 0.172747 -0.052818
6.600000 6.600000 0.169205 -0.049157
7.000000 6.600000 0.165950 -0.045681
7.400000 6.600000 0.162954 -0.042403
7.800000 6.600000 0.160193 -0.039329
8.200000 6.600000 0.157643 -0.036461
8.600000 6.600000 0.155283 -0.033795
9.000000 6.600000 0.153095 -0.031324
9.400000 6.600000 0.151063 -0.029039
9.800000 6.600000 0.149171 -0.026931
-9.800000 7.000000 0.147128 -0.020260
-9.400000 7.000000 0.148860 -0.021658
-9.000000 7.000000 0.150715 -0.023154
-8.600000 7.000000 0.152705 -0.024753
-8.200000 7.000000 0.154842 -0.026458
-7.800000 7.000000 0.157144 -0.028272
-7.400000 7.000000 0.159625 -0.030194
-7.000000 7.000000 0.162306 -0.032226
-6.600000 7.000000 0.165205 -0.034363
-6.200000 7.000000 0.168346 -0.036601
-5.800000 7.000000 0.171751 -0.038934
-5.400000 7.000000 0.175446 -0.041352
-5.000000 7.000000 0.179455 -0.043844
-4.600000 7.000000 0.183800 -0.046397
-4.200000 7.000000 0.188499 -0.048995
-3.800000 7.000000 0.193560 -0.051621
-3.400000 7.000000 0.198976 -0.054257
-3.000000 7.000000 0.204713 -0.056885
-2.600000 7.000000 0.210702 -0.059481
-2.200000 7.000000 0.216817 -0.062019
-1.800000 7.000000 0.222868 -0.064467
-1.400000 7.000000 0.228586 -0.066784
-1.000000 7.000000 0.233631 -0.068919
-0.600000 7.000000 0.237620 -0.070813
-0.200000 7.000000 0.240193 -0.072404
0.200000 7.000000 0.241083 -0.073629
0.600000 7.000000 0.240193 -0.074434
1.000000 7.000000 0.237620 -0.074782
1.400000 7.000000 0.233631 -0.074649
1.800000 7.000000 0.228586 -0.074030
2.200000 7.000000 0.222868 -0.072939
2.600000 7.000000 0.216817 -0.071403
3.000000 7.000000 0.210702 -0.069464
3.400000 7.000000 0.204713 -0.067177
3.800000 7.000000 0.198976 -0.064604
4.200000 7.000000 0.193560 -0.061809
4.600000 7.000000 0.188499 -0.058858
5.000000 7.000000 0.183800 -0.055813
5.400000 7.000000 0.179455 -0.052731
5.800000 7.000000 0.175446 -0.049661
6.200000 7.000000 0.171751 -0.046643
6.600000 7.000000 0.168346 -0.043710
7.000000 7.000000 0.165205 -0.040886
7.400000 7.000000 0.162306 -0.038189
7.800000 7.000000 0.159625 -0.035630
8.200000 7.000000 0.157144 -0.033215
8.600000 7.000000 0.154842 -0.030948
9.000000 7.000000 0.152705 -0.028826
9.400000 7.000000 0.150715 -0.026846
9.800000 7.000000 0.148860 -0.025005
-9.800000 7.400000 0.146838 -0.018445
-9.400000 7.400000 0.148537 -0.019630
-9.000000 7.400000 0.150354 -0.020887
-8.600000 7.400000 0.152299 -0.022218
-8.200000 7.400000 0.154386 -0.023625
-7.800000 7.400000 0.156628 -0.025106
-7.400000 7.400000 0.159040 -0.026660
-7.000000 7.400000 0.161639 -0.028284
-6.600000 7.400000 0.164442 -0.029974
-6.200000 7.400000 0.167469 -0.031724
-5.800000 7.400000 0.170739 -0.033526
-5.400000 7.400000 0.174272 -0.035374
-5.000000 7.400000 0.178087 -0.037257
-4.600000 7.400000 0.182199 -0.039165
-4.200000 7.400000 0.186620 -0.041089
-3.800000 7.400000 0.191348 -0.043018
-3.400000 7.400000 0.196368 -0.044944
-3.000000 7.400000 0.201639 -0.046856
-2.600000 7.400000 0.207088 -0.048744
-2.200000 7.400000 0.212594 -0.050594
-1.800000 7.400000 0.217982 -0.052391
-1.400000 7.400000 0.223017 -0.054109
-1.000000 7.400000 0.227412 -0.055719
-0.600000 7.400000 0.230856 -0.057182
-0.200000 7.400000 0.233062 -0.058457
0.200000 7.400000 0.233822 -0.059497
0.600000 7.400000 0.233062 -0.060263
1.000000 7.400000 0.230856 -0.060720
1.400000 7.400000 0.227412 -0.060844
1.800000 7.400000 0.223017 -0.060620
2.200000 7.400000 0.217982 -0.060047
2.600000 7.400000 0.212594 -0.059134
3.000000 7.400000 0.207088 -0.057901
3.400000 7.400000 0.201639 -0.056378
3.800000 7.400000 0.196368 -0.054603
4.200000 7.400000 0.191348 -0.052620
4.600000 7.400000 0.186620 -0.050474
5.000000 7.400000 0.182199 -0.048212
5.400000 7.400000 0.178087 -0.045877
5.800000 7.400000 0.174272 -0.043509
6.200000 7.400000 0.170739 -0.041143
6.600000 7.400000 0.167469 -0.038808
7.000000 7.400000 0.164442 -0.036529
7.400000 7.400000 0.161639 -0.034324
7.800000 7.400000 0.159040 -0.032207
8.200000 7.400000 0.156628 -0.030186
8.600000 7.400000 0.154386 -0.028269
9.000000 7.400000 0.152299 -0.026458
9.400000 7.400000 0.150354 -0.024753
9.800000 7.400000 0.148537 -0.023154
-9.800000 7.800000 0.146536 -0.016757
-9.400000 7.800000 0.148202 -0.017754
-9.000000 7.800000 0.149980 -0.018804
-8.600000 7.800000 0.151881 -0.019906
-8.200000 7.800000 0.153916 -0.021059
-7.800000 7.800000 0.156098 -0.022261
-7.400000 7.800000 0.158441 -0.023509
-7.000000 7.800000 0.160957 -0.024799
-6.600000 7.800000 0.163665 -0.026127
-6.200000 7.800000 0.166578 -0.027487
-5.800000 7.800000 0.169714 -0.028873
-5.400000 7.800000 0.173088 -0.030277
-5.000000 7.800000 0.176715 -0.031694
-4.600000 7.800000 0.180603 -0.033116
-4.200000 7.800000 0.184758 -0.034538
-3.800000 7.800000 0.189172 -0.035954
-3.400000 7.800000 0.193823 -0.037362
-3.000000 7.800000 0.198667 -0.038759
-2.600000 7.800000 0.203628 -0.040139
-2.200000 7.800000 0.208593 -0.041500
-1.800000 7.800000 0.213402 -0.042832
-1.400000 7.800000 0.217851 -0.044123
-1.000000 7.800000 0.221698 -0.045355
-0.600000 7.800000 0.224689 -0.046502
-0.200000 7.800000 0.226592 -0.047535
0.200000 7.800000 0.227247 -0.048422
0.600000 7.800000 0.226592 -0.049130
1.000000 7.800000 0.224689 -0.049632
1.400000 7.800000 0.221698 -0.049903
1.800000 7.800000 0.217851 -0.049926
2.200000 7.800000 0.213402 -0.049692
2.600000 7.800000 0.208593 -0.049198
3.000000 7.800000 0.203628 -0.048451
3.400000 7.800000 0.198667 -0.047468
3.800000 7.800000 0.193823 -0.046270
4.200000 7.800000 0.189172 -0.044884
4.600000 7.800000 0.184758 -0.043342
5.000000 7.800000 0.180603 -0.041677
5.400000 7.800000 0.176715 -0.039923
5.800000 7.800000 0.173088 -0.038110
6.200000 7.800000 0.169714 -0.036268
6.600000 7.800000 0.166578 -0.034422
7.000000 7.800000 0.163665 -0.032594
7.400000 7.800000 0.160957 -0.030803
7.800000 7.800000 0.158441 -0.029061
8.200000 7.800000 0.156098 -0.027381
8.600000 7.800000 0.153916 -0.025769
9.000000 7.800000 0.151881 -0.024232
9.400000 7.800000 0.149980 -0.022772
9.800000 7.800000 0.148202 -0.021390
-9.800000 8.200000 0.146225 -0.015195
-9.400000 8.200000 0.147856 -0.016030
-9.000000 8.200000 0.149595 -0.016901
-8.600000 8.200000 0.151451 -0.017807
-8.200000 8.200000 0.153434 -0.018746
-7.800000 8.200000 0.155556 -0.019715
-7.400000 8.200000 0.157828 -0.020711
-7.000000 8.200000 0.160263 -0.021730
-6.600000 8.200000 0.162874 -0.022767
-6.200000 8.200000 0.165676 -0.023818
-5.800000 8.200000 0.168680 -0.024876
-5.400000 8.200000 0.171900 -0.025938
-5.000000 8.200000 0.175344 -0.026999
-4.600000 8.200000 0.179017 -0.028054
-4.200000 8.200000 0.182920 -0.029102
-3.800000 8.200000 0.187039 -0.030142
-3.400000 8.200000 0.191348 -0.031172
-3.000000 8.200000 0.195800 -0.032195
-2.600000 8.200000 0.200322 -0.033211
-2.200000 8.200000 0.204805 -0.034220
-1.800000 8.200000 0.209109 -0.035219
-1.400000 8.200000 0.213054 -0.036201
-1.000000 8.200000 0.216437 -0.037157
-0.600000 8.200000 0.219048 -0.038068
-0.200000 8.200000 0.220701 -0.038915
0.200000 8.200000 0.221268 -0.039673
0.600000 8.200000 0.220701 -0.040319
1.000000 8.200000 0.219048 -0.040827
1.400000 8.200000 0.216437 -0.041176
1.800000 8.200000 0.213054 -0.041349
2.200000 8.200000 0.209109 -0.041331
2.600000 8.200000 0.204805 -0.041117
3.000000 8.200000 0.200322 -0.040705
3.400000 8.200000 0.195800 -0.040101
3.800000 8.200000 0.191348 -0.039317
4.200000 8.200000 0.187039 -0.038370
4.600000 8.200000 0.182920 -0.037279
5.000000 8.200000 0.179017 -0.036069
5.400000 8.200000 0.175344 -0.034764
5.800000 8.200000 0.171900 -0.033388
6.200000 8.200000 0.168680 -0.031965
6.600000 8.200000 0.165676 -0.030516
7.000000 8.200000 0.162874 -0.029059
7.400000 8.200000 0.160263 -0.027612
7.800000 8.200000 0.157828 -0.026188
8.200000 8.200000 0.155556 -0.024798
8.600000 8.200000 0.153434 -0.023451
9.000000 8.200000 0.151451 -0.022153
9.400000 8.200000 0.149595 -0.020909
9.800000 8.200000 0.147856 -0.019721
-9.800000 8.600000 0.145904 -0.013756
-9.400000 8.600000 0.147501 -0.014451
-9.000000 8.600000 0.149200 -0.015169
-8.600000 8.600000 0.151010 -0.015910
-8.200000 8.600000 0.152940 -0.016670
-7.800000 8.600000 0.155002 -0.017446
-7.400000 8.600000 0.157204 -0.018236
-7.000000 8.600000 0.159558 -0.019035
-6.600000 8.600000 0.162075 -0.019839
-6.200000 8.600000 0.164766 -0.020645
-5.800000 8.600000 0.167642 -0.021449
-5.400000 8.600000 0.170711 -0.022246
-5.000000 8.600000 0.173979 -0.023036
-4.600000 8.600000 0.177447 -0.023816
-4.200000 8.600000 0.181111 -0.024586
-3.800000 8.600000 0.184953 -0.025347
-3.400000 8.600000 0.188946 -0.026102
-3.000000 8.600000 0.193040 -0.026854
-2.600000 8.600000 0.197165 -0.027605
-2.200000 8.600000 0.201222 -0.028360
-1.800000 8.600000 0.205083 -0.029117
-1.400000 8.600000 0.208593 -0.029874
-1.000000 8.600000 0.211580 -0.030625
-0.600000 8.600000 0.213872 -0.031359
-0.200000 8.600000 0.215316 -0.032060
0.200000 8.600000 0.215810 -0.032712
0.600000 8.600000 0.215316 -0.033294
1.000000 8.600000 0.213872 -0.033786
1.400000 8.600000 0.211580 -0.034170
1.800000 8.600000 0.208593 -0.034428
2.200000 8.600000 0.205083 -0.034547
2.600000 8.600000 0.201222 -0.034517
3.000000 8.600000 0.197165 -0.034333
3.400000 8.600000 0.193040 -0.033995
3.800000 8.600000 0.188946 -0.033507
4.200000 8.600000 0.184953 -0.032880
4.600000 8.600000 0.181111 -0.032125
5.000000 8.600000 0.177447 -0.031260
5.400000 8.600000 0.173979 -0.030301
5.800000 8.600000 0.170711 -0.029268
6.200000 8.600000 0.167642 -0.028177
6.600000 8.600000 0.164766 -0.027048
7.000000 8.600000 0.162075 -0.025895
7.400000 8.600000 0.159558 -0.024734
7.800000 8.600000 0.157204 -0.023576
8.200000 8.600000 0.155002 -0.022433
8.600000 8.600000 0.152940 -0.021312
9.000000 8.600000 0.151010 -0.020222
9.400000 8.600000 0.149200 -0.019167
9.800000 8.600000 0.147501 -0.018152
-9.800000 9.000000 0.145575 -0.012437
-9.400000 9.000000 0.147136 -0.013011
-9.000000 9.000000 0.148795 -0.013600
-8.600000 9.000000 0.150559 -0.014201
-8.200000 9.000000 0.152437 -0.014812
-7.800000 9.000000 0.154438 -0.015430
-7.400000 9.000000 0.156570 -0.016051
-7.000000 9.000000 0.158844 -0.016673
-6.600000 9.000000 0.161268 -0.017292
-6.200000 9.000000 0.163851 -0.017905
-5.800000 9.000000 0.166602 -0.018511
-5.400000 9.000000 0.169525 -0.019106
-5.000000 9.000000 0.172624 -0.019689
-4.600000 9.000000 0.175897 -0.020262
-4.200000 9.000000 0.179335 -0.020825
-3.800000 9.000000 0.182920 -0.021381
-3.400000 9.000000 0.186620 -0.021934
-3.000000 9.000000 0.190388 -0.022488
-2.600000 9.000000 0.194155 -0.023047
-2.200000 9.000000 0.197833 -0.023616
-1.800000 9.000000 0.201305 -0.024196
-1.400000 9.000000 0.204439 -0.024787
-1.000000 9.000000 0.207088 -0.025385
-0.600000 9.000000 0.209109 -0.025983
-0.200000 9.000000 0.210378 -0.026569
0.200000 9.000000 0.210811 -0.027131
0.600000 9.000000 0.210378 -0.027653
1.000000 9.000000 0.209109 -0.028118
1.400000 9.000000 0.207088 -0.028510
1.800000 9.000000 0.204439 -0.028813
2.200000 9.000000 0.201305 -0.029014
2.600000 9.000000 0.197833 -0.029103
3.000000 9.000000 0.194155 -0.029072
3.400000 9.000000 0.190388 -0.028918
3.800000 9.000000 0.186620 -0.028641
4.200000 9.000000 0.182920 -0.028247
4.600000 9.000000 0.179335 -0.027741
5.000000 9.000000 0.175897 -0.027136
5.400000 9.000000 0.172624 -0.026444
5.800000 9.000000 0.169525 -0.025677
6.200000 9.000000 0.166602 -0.024850
6.600000 9.000000 0.163851 -0.023978
7.000000 9.000000 0.161268 -0.023072
7.400000 9.000000 0.158844 -0.022146
7.800000 9.000000 0.156570 -0.021211
8.200000 9.000000 0.154438 -0.020276
8.600000 9.000000 0.152437 -0.019349
9.000000 9.000000 0.150559 -0.018438
9.400000 9.000000 0.148795 -0.017548
9.800000 9.000000 0.147136 -0.016684
-9.800000 9.400000 0.145238 -0.011231
-9.400000 9.400000 0.146764 -0.011703
-9.000000 9.400000 0.148382 -0.012183
-8.600000 9.400000 0.150100 -0.012667
-8.200000 9.400000 0.151926 -0.013154
-7.800000 9.400000 0.153866 -0.013642
-7.400000 9.400000 0.155930 -0.014126
-7.000000 9.400000 0.158124 -0.014606
-6.600000 9.400000 0.160456 -0.015078
-6.200000 9.400000 0.162934 -0.015541
-5.800000 9.400000 0.165563 -0.015992
-5.400000 9.400000 0.168346 -0.016432
-5.000000 9.400000 0.171283 -0.016860
-4.600000 9.400000 0.174371 -0.017277
-4.200000 9.400000 0.177596 -0.017686
-3.800000 9.400000 0.180940 -0.018091
-3.400000 9.400000 0.184371 -0.018495
-3.000000 9.400000 0.187841 -0.018904
-2.600000 9.400000 0.191287 -0.019323
-2.200000 9.400000 0.194626 -0.019756
-1.800000 9.400000 0.197758 -0.020205
-1.400000 9.400000 0.200565 -0.020672
-1.000000 9.400000 0.202923 -0.021154
-0.600000 9.400000 0.204713 -0.021646
-0.200000 9.400000 0.205833 -0.022141
0.200000 9.400000 0.206215 -0.022627
0.600000 9.400000 0.205833 -0.023093
1.000000 9.400000 0.204713 -0.023525
1.400000 9.400000 0.202923 -0.023909
1.800000 9.400000 0.200565 -0.024230
2.200000 9.400000 0.197758 -0.024478
2.600000 9.400000 0.194626 -0.024641
3.000000 9.400000 0.191287 -0.024711
3.400000 9.400000 0.187841 -0.024683
3.800000 9.400000 0.184371 -0.024555
4.200000 9.400000 0.180940 -0.024329
4.600000 9.400000 0.177596 -0.024008
5.000000 9.400000 0.174371 -0.023599
5.400000 9.400000 0.171283 -0.023110
5.800000 9.400000 0.168346 -0.022551
6.200000 9.400000 0.165563 -0.021932
6.600000 9.400000 0.162934 -0.021265
7.000000 9.400000 0.160456 -0.020559
7.400000 9.400000 0.158124 -0.019827
7.800000 9.400000 0.155930 -0.019076
8.200000 9.400000 0.153866 -0.018316
8.600000 9.400000 0.151926 -0.017553
9.000000 9.400000 0.150100 -0.016796
9.400000 9.400000 0.148382 -0.016049
9.800000 9.400000 0.146764 -0.015317
-9.800000 9.800000 0.144894 -0.010133
-9.400000 9.800000 0.146384 -0.010518
-9.000000 9.800000 0.147962 -0.010905
-8.600000 9.800000 0.149634 -0.011293
-8.200000 9.800000 0.151407 -0.011678
-7.800000 9.800000 0.153288 -0.012059
-7.400000 9.800000 0.155283 -0.012434
-7.000000 9.800000 0.157399 -0.012800
-6.600000 9.800000 0.159642 -0.013156
-6.200000 9.800000 0.162017 -0.013501
-5.800000 9.800000 0.164528 -0.013834
-5.400000 9.800000 0.167176 -0.014154
-5.000000 9.800000 0.169959 -0.014464
-4.600000 9.800000 0.172871 -0.014765
-4.200000 9.800000 0.175897 -0.015059
-3.800000 9.800000 0.179017 -0.015352
-3.400000 9.800000 0.182199 -0.015647
-3.000000 9.800000 0.185398 -0.015950
-2.600000 9.800000 0.188555 -0.016265
-2.200000 9.800000 0.191593 -0.016597
-1.800000 9.800000 0.194424 -0.016949
-1.400000 9.800000 0.196946 -0.017322
-1.000000 9.800000 0.199054 -0.017716
-0.600000 9.800000 0.200646 -0.018125
-0.200000 9.800000 0.201639 -0.018546
0.200000 9.800000 0.201977 -0.018969
0.600000 9.800000 0.201639 -0.019384
1.000000 9.800000 0.200646 -0.019781
1.400000 9.800000 0.199054 -0.020147
1.800000 9.800000 0.196946 -0.020470
2.200000 9.800000 0.194424 -0.020740
2.600000 9.800000 0.191593 -0.020947
3.000000 9.800000 0.188555 -0.021082
3.400000 9.800000 0.185398 -0.021139
3.800000 9.800000 0.182199 -0.021116
4.200000 9.800000 0.179017 -0.021010
4.600000 9.800000 0.175897 -0.020824
5.000000 9.800000 0.172871 -0.020562
5.400000 9.800000 0.169959 -0.020227
5.800000 9.800000 0.167176 -0.019829
6.200000 9.800000 0.164528 -0.019373
6.600000 9.800000 0.162017 -0.018870
7.000000 9.800000 0.159642 -0.018326
7.400000 9.800000 0.157399 -0.017752
7.800000 9.800000 0.155283 -0.017153
8.200000 9.800000 0.153288 -0.016539
8.600000 9.800000 0.151407 -0.015916
9.000000 9.800000 0.149634 -0.015290
9.400000 9.800000 0.147962 -0.014666
9.800000 9.800000 0.146384 -0.014048
