-9.800000 -9.800000 0.100000 -0.004849
-9.400000 -9.800000 0.100000 -0.004372
-9.000000 -9.800000 0.100000 -0.003758
-8.600000 -9.800000 0.100000 -0.002986
-8.200000 -9.800000 0.100000 -0.002036
-7.800000 -9.800000 0.100000 -0.000887
-7.400000 -9.800000 0.100000 0.000481
-7.000000 -9.800000 0.100000 0.002083
-6.600000 -9.800000 0.100000 0.003929
-6.200000 -9.800000 0.100000 0.006023
-5.800000 -9.800000 0.100000 0.008355
-5.400000 -9.800000 0.100000 0.010903
-5.000000 -9.800000 0.100000 0.013629
-4.600000 -9.800000 0.100000 0.016480
-4.200000 -9.800000 0.100000 0.019384
-3.800000 -9.800000 0.100000 0.022256
-3.400000 -9.800000 0.100000 0.025001
-3.000000 -9.800000 0.100000 0.027520
-2.600000 -9.800000 0.100000 0.029719
-2.200000 -9.800000 0.100000 0.031514
-1.800000 -9.800000 0.100000 0.032843
-1.400000 -9.800000 0.100000 0.033668
-1.000000 -9.800000 0.100000 0.033979
-0.600000 -9.800000 0.100000 0.033794
-0.200000 -9.800000 0.100000 0.033151
0.200000 -9.800000 0.100000 0.032112
0.600000 -9.800000 0.100000 0.030744
1.000000 -9.800000 0.100000 0.029124
1.400000 -9.800000 0.100000 0.027324
1.800000 -9.800000 0.100000 0.025413
2.200000 -9.800000 0.100000 0.023451
2.600000 -9.800000 0.100000 0.021487
3.000000 -9.800000 0.100000 0.019559
3.400000 -9.800000 0.100000 0.017699
3.800000 -9.800000 0.100000 0.015926
4.200000 -9.800000 0.100000 0.014255
4.600000 -9.800000 0.100000 0.012693
5.000000 -9.800000 0.100000 0.011243
5.400000 -9.800000 0.100000 0.009904
5.800000 -9.800000 0.100000 0.008675
6.200000 -9.800000 0.100000 0.007551
6.600000 -9.800000 0.100000 0.006525
7.000000 -9.800000 0.100000 0.005593
7.400000 -9.800000 0.100000 0.004748
7.800000 -9.800000 0.100000 0.003983
8.200000 -9.800000 0.100000 0.003293
8.600000 -9.800000 0.100000 0.002671
9.000000 -9.800000 0.100000 0.002113
9.400000 -9.800000 0.100000 0.001612
9.800000 -9.800000 0.100000 0.001163
-9.800000 -9.400000 0.100000 -0.005732
-9.400000 -9.400000 0.100000 -0.005269
-9.000000 -9.400000 0.100000 -0.004652
-8.600000 -9.400000 0.100000 -0.003855
-8.200000 -9.400000 0.100000 -0.002850
-7.800000 -9.400000 0.100000 -0.001608
-7.400000 -9.400000 0.100000 -0.000102
-7.000000 -9.400000 0.100000 0.001694
-6.600000 -9.400000 0.100000 0.003798
-6.200000 -9.400000 0.100000 0.006219
-5.800000 -9.400000 0.100000 0.008956
-5.400000 -9.400000 0.100000 0.011986
-5.000000 -9.400000 0.100000 0.015268
-4.600000 -9.400000 0.100000 0.018736
-4.200000 -9.400000 0.100000 0.022300
-3.800000 -9.400000 0.100000 0.025851
-3.400000 -9.400000 0.100000 0.029259
-3.000000 -9.400000 0.100000 0.032391
-2.600000 -9.400000 0.100000 0.035115
-2.200000 -9.400000 0.100000 0.037319
-1.800000 -9.400000 0.100000 0.038917
-1.400000 -9.400000 0.100000 0.039857
-1.000000 -9.400000 0.100000 0.040131
-0.600000 -9.400000 0.100000 0.039768
-0.200000 -9.400000 0.100000 0.038828
0.200000 -9.400000 0.100000 0.037398
0.600000 -9.400000 0.100000 0.035576
1.000000 -9.400000 0.100000 0.033466
1.400000 -9.400000 0.100000 0.031166
1.800000 -9.400000 0.100000 0.028764
2.200000 -9.400000 0.100000 0.026336
2.600000 -9.400000 0.100000 0.023940
3.000000 -9.400000 0.100000 0.021621
3.400000 -9.400000 0.100000 0.019411
3.800000 -9.400000 0.100000 0.017330
4.200000 -9.400000 0.100000 0.015392
4.600000 -9.400000 0.100000 0.013599
5.000000 -9.400000 0.100000 0.011951
5.400000 -9.400000 0.100000 0.010445
5.800000 -9.400000 0.100000 0.009074
6.200000 -9.400000 0.100000 0.007830
6.600000 -9.400000 0.100000 0.006705
7.000000 -9.400000 0.100000 0.005689
7.400000 -9.400000 0.100000 0.004775
7.800000 -9.400000 0.100000 0.003953
8.200000 -9.400000 0.100000 0.003215
8.600000 -9.400000 0.100000 0.002555
9.000000 -9.400000 0.100000 0.001965
9.400000 -9.400000 0.100000 0.001440
9.800000 -9.400000 0.100000 0.000972
-9.800000 -9.000000 0.100000 -0.006749
-9.400000 -9.000000 0.100000 -0.006316
-9.000000 -9.000000 0.100000 -0.005711
-8.600000 -9.000000 0.100000 -0.004902
-8.200000 -9.000000 0.100000 -0.003853
-7.800000 -9.000000 0.100000 -0.002524
-7.400000 -9.000000 0.100000 -0.000875
-7.000000 -9.000000 0.100000 0.001129
-6.600000 -9.000000 0.100000 0.003522
-6.200000 -9.000000 0.100000 0.006325
-5.800000 -9.000000 0.100000 0.009543
-5.400000 -9.000000 0.100000 0.013162
-5.000000 -9.000000 0.100000 0.017136
-4.600000 -9.000000 0.100000 0.021388
-4.200000 -9.000000 0.100000 0.025804
-3.800000 -9.000000 0.100000 0.030240
-3.400000 -9.000000 0.100000 0.034522
-3.000000 -9.000000 0.100000 0.038465
-2.600000 -9.000000 0.100000 0.041886
-2.200000 -9.000000 0.100000 0.044624
-1.800000 -9.000000 0.100000 0.046561
-1.400000 -9.000000 0.100000 0.047630
-1.000000 -9.000000 0.100000 0.047822
-0.600000 -9.000000 0.100000 0.047186
-0.200000 -9.000000 0.100000 0.045816
0.200000 -9.000000 0.100000 0.043839
0.600000 -9.000000 0.100000 0.041397
1.000000 -9.000000 0.100000 0.038631
1.400000 -9.000000 0.100000 0.035676
1.800000 -9.000000 0.100000 0.032644
2.200000 -9.000000 0.100000 0.029628
2.600000 -9.000000 0.100000 0.026698
3.000000 -9.000000 0.100000 0.023904
3.400000 -9.000000 0.100000 0.021278
3.800000 -9.000000 0.100000 0.018837
4.200000 -9.000000 0.100000 0.016590
4.600000 -9.000000 0.100000 0.014536
5.000000 -9.000000 0.100000 0.012668
5.400000 -9.000000 0.100000 0.010978
5.800000 -9.000000 0.100000 0.009453
6.200000 -9.000000 0.100000 0.008081
6.600000 -9.000000 0.100000 0.006850
7.000000 -9.000000 0.100000 0.005747
7.400000 -9.000000 0.100000 0.004761
7.800000 -9.000000 0.100000 0.003881
8.200000 -9.000000 0.100000 0.003097
8.600000 -9.000000 0.100000 0.002399
9.000000 -9.000000 0.100000 0.001779
9.400000 -9.000000 0.100000 0.001230
9.800000 -9.000000 0.100000 0.000745
-9.800000 -8.600000 0.100000 -0.007914
-9.400000 -8.600000 0.100000 -0.007531
-9.000000 -8.600000 0.100000 -0.006961
-8.600000 -8.600000 0.100000 -0.006160
-8.200000 -8.600000 0.100000 -0.005084
-7.800000 -8.600000 0.100000 -0.003679
-7.400000 -8.600000 0.100000 -0.001892
-7.000000 -8.600000 0.100000 0.000333
-6.600000 -8.600000 0.100000 0.003045
-6.200000 -8.600000 0.100000 0.006287
-5.800000 -8.600000 0.100000 0.010079
-5.400000 -8.600000 0.100000 0.014417
-5.000000 -8.600000 0.100000 0.019258
-4.600000 -8.600000 0.100000 0.024512
-4.200000 -8.600000 0.100000 0.030039
-3.800000 -8.600000 0.100000 0.035645
-3.400000 -8.600000 0.100000 0.041095
-3.000000 -8.600000 0.100000 0.046128
-2.600000 -8.600000 0.100000 0.050484
-2.200000 -8.600000 0.100000 0.053934
-1.800000 -8.600000 0.100000 0.056306
-1.400000 -8.600000 0.100000 0.057511
-1.000000 -8.600000 0.100000 0.057546
-0.600000 -8.600000 0.100000 0.056492
-0.200000 -8.600000 0.100000 0.054496
0.200000 -8.600000 0.100000 0.051746
0.600000 -8.600000 0.100000 0.048448
1.000000 -8.600000 0.100000 0.044800
1.400000 -8.600000 0.100000 0.040982
1.800000 -8.600000 0.100000 0.037138
2.200000 -8.600000 0.100000 0.033381
2.600000 -8.600000 0.100000 0.029792
3.000000 -8.600000 0.100000 0.026422
3.400000 -8.600000 0.100000 0.023302
3.800000 -8.600000 0.100000 0.020442
4.200000 -8.600000 0.100000 0.017842
4.600000 -8.600000 0.100000 0.015494
5.000000 -8.600000 0.100000 0.013382
5.400000 -8.600000 0.100000 0.011491
5.800000 -8.600000 0.100000 0.009800
6.200000 -8.600000 0.100000 0.008294
6.600000 -8.600000 0.100000 0.006952
7.000000 -8.600000 0.100000 0.005760
7.400000 -8.600000 0.100000 0.004701
7.800000 -8.600000 0.100000 0.003763
8.200000 -8.600000 0.100000 0.002932
8.600000 -8.600000 0.100000 0.002197
9.000000 -8.600000 0.100000 0.001549
9.400000 -8.600000 0.100000 0.000978
9.800000 -8.600000 0.100000 0.000477
-9.800000 -8.200000 0.100000 -0.009243
-9.400000 -8.200000 0.100000 -0.008937
-9.000000 -8.200000 0.100000 -0.008428
-8.600000 -8.200000 0.100000 -0.007664
-8.200000 -8.200000 0.100000 -0.006587
-7.800000 -8.200000 0.100000 -0.005129
-7.400000 -8.200000 0.100000 -0.003215
-7.000000 -8.200000 0.100000 -0.000767
-6.600000 -8.200000 0.100000 0.002293
-6.200000 -8.200000 0.100000 0.006033
-5.800000 -8.200000 0.100000 0.010503
-5.400000 -8.200000 0.100000 0.015720
-5.000000 -8.200000 0.100000 0.021650
-4.600000 -8.200000 0.100000 0.028195
-4.200000 -8.200000 0.100000 0.035182
-3.800000 -8.200000 0.100000 0.042355
-3.400000 -8.200000 0.100000 0.049390
-3.000000 -8.200000 0.100000 0.055915
-2.600000 -8.200000 0.100000 0.061552
-2.200000 -8.200000 0.100000 0.065964
-1.800000 -8.200000 0.100000 0.068902
-1.400000 -8.200000 0.100000 0.070243
-1.000000 -8.200000 0.100000 0.069995
-0.600000 -8.200000 0.100000 0.068296
-0.200000 -8.200000 0.100000 0.065377
0.200000 -8.200000 0.100000 0.061524
0.600000 -8.200000 0.100000 0.057036
1.000000 -8.200000 0.100000 0.052192
1.400000 -8.200000 0.100000 0.047231
1.800000 -8.200000 0.100000 0.042338
2.200000 -8.200000 0.100000 0.037647
2.600000 -8.200000 0.100000 0.033246
3.000000 -8.200000 0.100000 0.029182
3.400000 -8.200000 0.100000 0.025478
3.800000 -8.200000 0.100000 0.022132
4.200000 -8.200000 0.100000 0.019132
4.600000 -8.200000 0.100000 0.016456
5.000000 -8.200000 0.100000 0.014077
5.400000 -8.200000 0.100000 0.011969
5.800000 -8.200000 0.100000 0.010104
6.200000 -8.200000 0.100000 0.008455
6.600000 -8.200000 0.100000 0.007000
7.000000 -8.200000 0.100000 0.005717
7.400000 -8.200000 0.100000 0.004586
7.800000 -8.200000 0.100000 0.003590
8.200000 -8.200000 0.100000 0.002713
8.600000 -8.200000 0.100000 0.001944
9.000000 -8.200000 0.100000 0.001269
9.400000 -8.200000 0.100000 0.000679
9.800000 -8.200000 0.100000 0.000164
-9.800000 -7.800000 0.100000 -0.010750
-9.400000 -7.800000 0.100000 -0.010553
-9.000000 -7.800000 0.100000 -0.010141
-8.600000 -7.800000 0.100000 -0.009452
-8.200000 -7.800000 0.100000 -0.008413
-7.800000 -7.800000 0.100000 -0.006936
-7.400000 -7.800000 0.100000 -0.004922
-7.000000 -7.800000 0.100000 -0.002261
-6.600000 -7.800000 0.100000 0.001163
-6.200000 -7.800000 0.100000 0.005460
-5.800000 -7.800000 0.100000 0.010724
-5.400000 -7.800000 0.100000 0.017010
-5.000000 -7.800000 0.100000 0.024311
-4.600000 -7.800000 0.100000 0.032529
-4.200000 -7.800000 0.100000 0.041457
-3.800000 -7.800000 0.100000 0.050758
-3.400000 -7.800000 0.100000 0.059979
-3.000000 -7.800000 0.100000 0.068583
-2.600000 -7.800000 0.100000 0.076009
-2.200000 -7.800000 0.100000 0.081749
-1.800000 -7.800000 0.100000 0.085435
-1.400000 -7.800000 0.100000 0.086888
-1.000000 -7.800000 0.100000 0.086147
-0.600000 -7.800000 0.100000 0.083444
-0.200000 -7.800000 0.100000 0.079150
0.200000 -7.800000 0.100000 0.073703
0.600000 -7.800000 0.100000 0.067546
1.000000 -7.800000 0.100000 0.061071
1.400000 -7.800000 0.100000 0.054594
1.800000 -7.800000 0.100000 0.048345
2.200000 -7.800000 0.100000 0.042477
2.600000 -7.800000 0.100000 0.037077
3.000000 -7.800000 0.100000 0.032182
3.400000 -7.800000 0.100000 0.027793
3.800000 -7.800000 0.100000 0.023891
4.200000 -7.800000 0.100000 0.020441
4.600000 -7.800000 0.100000 0.017403
5.000000 -7.800000 0.100000 0.014735
5.400000 -7.800000 0.100000 0.012396
5.800000 -7.800000 0.100000 0.010347
6.200000 -7.800000 0.100000 0.008554
6.600000 -7.800000 0.100000 0.006983
7.000000 -7.800000 0.100000 0.005609
7.400000 -7.800000 0.100000 0.004406
7.800000 -7.800000 0.100000 0.003355
8.200000 -7.800000 0.100000 0.002436
8.600000 -7.800000 0.100000 0.001634
9.000000 -7.800000 0.100000 0.000935
9.400000 -7.800000 0.100000 0.000329
9.800000 -7.800000 0.100000 -0.000197
-9.800000 -7.400000 0.100000 -0.012448
-9.400000 -7.400000 0.100000 -0.012399
-9.000000 -7.400000 0.100000 -0.012129
-8.600000 -7.400000 0.100000 -0.011564
-8.200000 -7.400000 0.100000 -0.010616
-7.800000 -7.400000 0.100000 -0.009173
-7.400000 -7.400000 0.100000 -0.007106
-7.000000 -7.400000 0.100000 -0.004262
-6.600000 -7.400000 0.100000 -0.000476
-6.200000 -7.400000 0.100000 0.004425
-5.800000 -7.400000 0.100000 0.010604
-5.400000 -7.400000 0.100000 0.018183
-5.000000 -7.400000 0.100000 0.027207
-4.600000 -7.400000 0.100000 0.037604
-4.200000 -7.400000 0.100000 0.049135
-3.800000 -7.400000 0.100000 0.061363
-3.400000 -7.400000 0.100000 0.073653
-3.000000 -7.400000 0.100000 0.085215
-2.600000 -7.400000 0.100000 0.095196
-2.200000 -7.400000 0.100000 0.102814
-1.800000 -7.400000 0.100000 0.107501
-1.400000 -7.400000 0.100000 0.109000
-1.000000 -7.400000 0.100000 0.107407
-0.600000 -7.400000 0.100000 0.103123
-0.200000 -7.400000 0.100000 0.096752
0.200000 -7.400000 0.100000 0.088981
0.600000 -7.400000 0.100000 0.080463
1.000000 -7.400000 0.100000 0.071750
1.400000 -7.400000 0.100000 0.063256
1.800000 -7.400000 0.100000 0.055257
2.200000 -7.400000 0.100000 0.047913
2.600000 -7.400000 0.100000 0.041294
3.000000 -7.400000 0.100000 0.035408
3.400000 -7.400000 0.100000 0.030225
3.800000 -7.400000 0.100000 0.025690
4.200000 -7.400000 0.100000 0.021740
4.600000 -7.400000 0.100000 0.018309
5.000000 -7.400000 0.100000 0.015333
5.400000 -7.400000 0.100000 0.012753
5.800000 -7.400000 0.100000 0.010515
6.200000 -7.400000 0.100000 0.008574
6.600000 -7.400000 0.100000 0.006889
7.000000 -7.400000 0.100000 0.005426
7.400000 -7.400000 0.100000 0.004155
7.800000 -7.400000 0.100000 0.003050
8.200000 -7.400000 0.100000 0.002092
8.600000 -7.400000 0.100000 0.001261
9.000000 -7.400000 0.100000 0.000542
9.400000 -7.400000 0.100000 -0.000078
9.800000 -7.400000 0.100000 -0.000610
-9.800000 -7.000000 0.100000 -0.014346
-9.400000 -7.000000 0.100000 -0.014491
-9.000000 -7.000000 0.100000 -0.014417
-8.600000 -7.000000 0.100000 -0.014040
-8.200000 -7.000000 0.100000 -0.013253
-7.800000 -7.000000 0.100000 -0.011920
-7.400000 -7.000000 0.100000 -0.009874
-7.000000 -7.000000 0.100000 -0.006910
-6.600000 -7.000000 0.100000 -0.002794
-6.200000 -7.000000 0.100000 0.002735
-5.800000 -7.000000 0.100000 0.009942
-5.400000 -7.000000 0.100000 0.019062
-5.000000 -7.000000 0.100000 0.030244
-4.600000 -7.000000 0.100000 0.043483
-4.200000 -7.000000 0.100000 0.058535
-3.800000 -7.000000 0.100000 0.074845
-3.400000 -7.000000 0.100000 0.091522
-3.000000 -7.000000 0.100000 0.107384
-2.600000 -7.000000 0.100000 0.121105
-2.200000 -7.000000 0.100000 0.131445
-1.800000 -7.000000 0.100000 0.137499
-1.400000 -7.000000 0.100000 0.138889
-1.000000 -7.000000 0.100000 0.135826
-0.600000 -7.000000 0.100000 0.129017
-0.200000 -7.000000 0.100000 0.119468
0.200000 -7.000000 0.100000 0.108264
0.600000 -7.000000 0.100000 0.096382
1.000000 -7.000000 0.100000 0.084589
1.400000 -7.000000 0.100000 0.073413
1.800000 -7.000000 0.100000 0.063162
2.200000 -7.000000 0.100000 0.053977
2.600000 -7.000000 0.100000 0.045883
3.000000 -7.000000 0.100000 0.038832
3.400000 -7.000000 0.100000 0.032736
3.800000 -7.000000 0.100000 0.027493
4.200000 -7.000000 0.100000 0.022997
4.600000 -7.000000 0.100000 0.019145
5.000000 -7.000000 0.100000 0.015845
5.400000 -7.000000 0.100000 0.013017
5.800000 -7.000000 0.100000 0.010590
6.200000 -7.000000 0.100000 0.008503
6.600000 -7.000000 0.100000 0.006706
7.000000 -7.000000 0.100000 0.005158
7.400000 -7.000000 0.100000 0.003822
7.800000 -7.000000 0.100000 0.002669
8.200000 -7.000000 0.100000 0.001676
8.600000 -7.000000 0.100000 0.000820
9.000000 -7.000000 0.100000 0.000085
9.400000 -7.000000 0.100000 -0.000544
9.800000 -7.000000 0.100000 -0.001080
-9.800000 -6.600000 0.100000 -0.016448
-9.400000 -6.600000 0.100000 -0.016841
-9.000000 -6.600000 0.100000 -0.017028
-8.600000 -6.600000 0.100000 -0.016916
-8.200000 -6.600000 0.100000 -0.016382
-7.800000 -6.600000 0.100000 -0.015262
-7.400000 -6.600000 0.100000 -0.013346
-7.000000 -6.600000 0.100000 -0.010368
-6.600000 -6.600000 0.100000 -0.006003
-6.200000 -6.600000 0.100000 0.000129
-5.800000 -6.600000 0.100000 0.008446
-5.400000 -6.600000 0.100000 0.019364
-5.000000 -6.600000 0.100000 0.033220
-4.600000 -6.600000 0.100000 0.050162
-4.200000 -6.600000 0.100000 0.070005
-3.800000 -6.600000 0.100000 0.092079
-3.400000 -6.600000 0.100000 0.115141
-3.000000 -6.600000 0.100000 0.137402
-2.600000 -6.600000 0.100000 0.156750
-2.200000 -6.600000 0.100000 0.171147
-1.800000 -6.600000 0.100000 0.179106
-1.400000 -6.600000 0.100000 0.180054
-1.000000 -6.600000 0.100000 0.174437
-0.600000 -6.600000 0.100000 0.163530
-0.200000 -6.600000 0.100000 0.149045
0.200000 -6.600000 0.100000 0.132721
0.600000 -6.600000 0.100000 0.116017
1.000000 -6.600000 0.100000 0.099982
1.400000 -6.600000 0.100000 0.085250
1.800000 -6.600000 0.100000 0.072122
2.200000 -6.600000 0.100000 0.060665
2.600000 -6.600000 0.100000 0.050807
3.000000 -6.600000 0.100000 0.042402
3.400000 -6.600000 0.100000 0.035277
3.800000 -6.600000 0.100000 0.029255
4.200000 -6.600000 0.100000 0.024170
4.600000 -6.600000 0.100000 0.019877
5.000000 -6.600000 0.100000 0.016245
5.400000 -6.600000 0.100000 0.013168
5.800000 -6.600000 0.100000 0.010553
6.200000 -6.600000 0.100000 0.008325
6.600000 -6.600000 0.100000 0.006423
7.000000 -6.600000 0.100000 0.004795
7.400000 -6.600000 0.100000 0.003401
7.800000 -6.600000 0.100000 0.002205
8.200000 -6.600000 0.100000 0.001181
8.600000 -6.600000 0.100000 0.000306
9.000000 -6.600000 0.100000 -0.000441
9.400000 -6.600000 0.100000 -0.001075
9.800000 -6.600000 0.100000 -0.001610
-9.800000 -6.200000 0.100000 -0.018751
-9.400000 -6.200000 0.100000 -0.019450
-9.000000 -6.200000 0.100000 -0.019973
-8.600000 -6.200000 0.100000 -0.020221
-8.200000 -6.200000 0.100000 -0.020053
-7.800000 -6.200000 0.100000 -0.019282
-7.400000 -6.200000 0.100000 -0.017650
-7.000000 -6.200000 0.100000 -0.014822
-6.600000 -6.200000 0.100000 -0.010363
-6.200000 -6.200000 0.100000 -0.003733
-5.800000 -6.200000 0.100000 0.005705
-5.400000 -6.200000 0.100000 0.018648
-5.000000 -6.200000 0.100000 0.035754
-4.600000 -6.200000 0.100000 0.057486
-4.200000 -6.200000 0.100000 0.083862
-3.800000 -6.200000 0.100000 0.114164
-3.400000 -6.200000 0.100000 0.146691
-3.000000 -6.200000 0.100000 0.178710
-2.600000 -6.200000 0.100000 0.206770
-2.200000 -6.200000 0.100000 0.227411
-1.800000 -6.200000 0.100000 0.238086
-1.400000 -6.200000 0.100000 0.237896
-1.000000 -6.200000 0.100000 0.227785
-0.600000 -6.200000 0.100000 0.210111
-0.200000 -6.200000 0.100000 0.187852
0.200000 -6.200000 0.100000 0.163820
0.600000 -6.200000 0.100000 0.140185
1.000000 -6.200000 0.100000 0.118321
1.400000 -6.200000 0.100000 0.098914
1.800000 -6.200000 0.100000 0.082153
2.200000 -6.200000 0.100000 0.067932
2.600000 -6.200000 0.100000 0.055999
3.000000 -6.200000 0.100000 0.046050
3.400000 -6.200000 0.100000 0.037782
3.800000 -6.200000 0.100000 0.030918
4.200000 -6.200000 0.100000 0.025215
4.600000 -6.200000 0.100000 0.020468
5.000000 -6.200000 0.100000 0.016504
5.400000 -6.200000 0.100000 0.013183
5.800000 -6.200000 0.100000 0.010389
6.200000 -6.200000 0.100000 0.008029
6.600000 -6.200000 0.100000 0.006030
7.000000 -6.200000 0.100000 0.004330
7.400000 -6.200000 0.100000 0.002884
7.800000 -6.200000 0.100000 0.001652
8.200000 -6.200000 0.100000 0.000604
8.600000 -6.200000 0.100000 -0.000287
9.000000 -6.200000 0.100000 -0.001040
9.400000 -6.200000 0.100000 -0.001674
9.800000 -6.200000 0.100000 -0.002205
-9.800000 -5.800000 0.100000 -0.021243
-9.400000 -5.800000 0.100000 -0.022312
-9.000000 -5.800000 0.100000 -0.023254
-8.600000 -5.800000 0.100000 -0.023966
-8.200000 -5.800000 0.100000 -0.024302
-7.800000 -5.800000 0.100000 -0.024050
-7.400000 -5.800000 0.100000 -0.022911
-7.000000 -5.800000 0.100000 -0.020473
-6.600000 -5.800000 0.100000 -0.016174
-6.200000 -5.800000 0.100000 -0.009275
-5.800000 -5.800000 0.100000 0.001162
-5.400000 -5.800000 0.100000 0.016247
-5.000000 -5.800000 0.100000 0.037176
-4.600000 -5.800000 0.100000 0.065004
-4.200000 -5.800000 0.100000 0.100257
-3.800000 -5.800000 0.100000 0.142385
-3.400000 -5.800000 0.100000 0.189173
-3.000000 -5.800000 0.100000 0.236441
-2.600000 -5.800000 0.100000 0.278418
-2.200000 -5.800000 0.100000 0.309008
-1.800000 -5.800000 0.100000 0.323655
-1.400000 -5.800000 0.100000 0.320895
-1.000000 -5.800000 0.100000 0.302742
-0.600000 -5.800000 0.100000 0.273689
-0.200000 -5.800000 0.100000 0.239021
0.200000 -5.800000 0.100000 0.203322
0.600000 -5.800000 0.100000 0.169738
1.000000 -5.800000 0.100000 0.139935
1.400000 -5.800000 0.100000 0.114465
1.800000 -5.800000 0.100000 0.093198
2.200000 -5.800000 0.100000 0.075681
2.600000 -5.800000 0.100000 0.061358
3.000000 -5.800000 0.100000 0.049683
3.400000 -5.800000 0.100000 0.040174
3.800000 -5.800000 0.100000 0.032421
4.200000 -5.800000 0.100000 0.026083
4.600000 -5.800000 0.100000 0.020883
5.000000 -5.800000 0.100000 0.016596
5.400000 -5.800000 0.100000 0.013044
5.800000 -5.800000 0.100000 0.010084
6.200000 -5.800000 0.100000 0.007605
6.600000 -5.800000 0.100000 0.005519
7.000000 -5.800000 0.100000 0.003757
7.400000 -5.800000 0.100000 0.002267
7.800000 -5.800000 0.100000 0.001005
8.200000 -5.800000 0.100000 -0.000062
8.600000 -5.800000 0.100000 -0.000962
9.000000 -5.800000 0.100000 -0.001717
9.400000 -5.800000 0.100000 -0.002347
9.800000 -5.800000 0.100000 -0.002867
-9.800000 -5.400000 0.100000 -0.023902
-9.400000 -5.400000 0.100000 -0.025404
-9.000000 -5.400000 0.100000 -0.026852
-8.600000 -5.400000 0.100000 -0.028148
-8.200000 -5.400000 0.100000 -0.029143
-7.800000 -5.400000 0.100000 -0.029615
-7.400000 -5.400000 0.100000 -0.029233
-7.000000 -5.400000 0.100000 -0.027512
-6.600000 -5.400000 0.100000 -0.023758
-6.200000 -5.400000 0.100000 -0.016998
-5.800000 -5.400000 0.100000 -0.005913
-5.400000 -5.400000 0.100000 0.011201
-5.000000 -5.400000 0.100000 0.036374
-4.600000 -5.400000 0.100000 0.071723
-4.200000 -5.400000 0.100000 0.118878
-3.800000 -5.400000 0.100000 0.178010
-3.400000 -5.400000 0.100000 0.246562
-3.000000 -5.400000 0.100000 0.318226
-2.600000 -5.400000 0.100000 0.383155
-2.200000 -5.400000 0.100000 0.430204
-1.800000 -5.400000 0.100000 0.450819
-1.400000 -5.400000 0.100000 0.442525
-1.000000 -5.400000 0.100000 0.409698
-0.600000 -5.400000 0.100000 0.361176
-0.200000 -5.400000 0.100000 0.306512
0.200000 -5.400000 0.100000 0.253146
0.600000 -5.400000 0.100000 0.205414
1.000000 -5.400000 0.100000 0.164983
1.400000 -5.400000 0.100000 0.131830
1.800000 -5.400000 0.100000 0.105118
2.200000 -5.400000 0.100000 0.083771
2.600000 -5.400000 0.100000 0.066759
3.000000 -5.400000 0.100000 0.053200
3.400000 -5.400000 0.100000 0.042373
3.800000 -5.400000 0.100000 0.033702
4.200000 -5.400000 0.100000 0.026728
4.600000 -5.400000 0.100000 0.021089
5.000000 -5.400000 0.100000 0.016499
5.400000 -5.400000 0.100000 0.012736
5.800000 -5.400000 0.100000 0.009629
6.200000 -5.400000 0.100000 0.007046
6.600000 -5.400000 0.100000 0.004886
7.000000 -5.400000 0.100000 0.003072
7.400000 -5.400000 0.100000 0.001546
7.800000 -5.400000 0.100000 0.000261
8.200000 -5.400000 0.100000 -0.000819
8.600000 -5.400000 0.100000 -0.001723
9.000000 -5.400000 0.100000 -0.002475
9.400000 -5.400000 0.100000 -0.003095
9.800000 -5.400000 0.100000 -0.003600
-9.800000 -5.000000 0.100000 -0.026691
-9.400000 -5.000000 0.100000 -0.028689
-9.000000 -5.000000 0.100000 -0.030729
-8.600000 -5.000000 0.100000 -0.032729
-8.200000 -5.000000 0.100000 -0.034552
-7.800000 -5.000000 0.100000 -0.035981
-7.400000 -5.000000 0.100000 -0.036672
-7.000000 -5.000000 0.100000 -0.036090
-6.600000 -5.000000 0.100000 -0.033420
-6.200000 -5.000000 0.100000 -0.027447
-5.800000 -5.000000 0.100000 -0.016401
-5.400000 -5.000000 0.100000 0.002197
-5.000000 -5.000000 0.100000 0.031610
-4.600000 -5.000000 0.100000 0.075728
-4.200000 -5.000000 0.100000 0.138369
-3.800000 -5.000000 0.100000 0.221696
-3.400000 -5.000000 0.100000 0.323640
-3.000000 -5.000000 0.100000 0.435097
-2.600000 -5.000000 0.100000 0.539072
-2.200000 -5.000000 0.100000 0.614424
-1.800000 -5.000000 0.100000 0.644274
-1.400000 -5.000000 0.100000 0.624245
-1.000000 -5.000000 0.100000 0.564127
-0.600000 -5.000000 0.100000 0.481829
-0.200000 -5.000000 0.100000 0.394853
0.200000 -5.000000 0.100000 0.314986
0.600000 -5.000000 0.100000 0.247553
1.000000 -5.000000 0.100000 0.193319
1.400000 -5.000000 0.100000 0.150765
1.800000 -5.000000 0.100000 0.117697
2.200000 -5.000000 0.100000 0.092036
2.600000 -5.000000 0.100000 0.072077
3.000000 -5.000000 0.100000 0.056502
3.400000 -5.000000 0.100000 0.044303
3.800000 -5.000000 0.100000 0.034705
4.200000 -5.000000 0.100000 0.027112
4.600000 -5.000000 0.100000 0.021062
5.000000 -5.000000 0.100000 0.016199
5.400000 -5.000000 0.100000 0.012255
5.800000 -5.000000 0.100000 0.009024
6.200000 -5.000000 0.100000 0.006354
6.600000 -5.000000 0.100000 0.004134
7.000000 -5.000000 0.100000 0.002277
7.400000 -5.000000 0.100000 0.000721
7.800000 -5.000000 0.100000 -0.000582
8.200000 -5.000000 0.100000 -0.001671
8.600000 -5.000000 0.100000 -0.002574
9.000000 -5.000000 0.100000 -0.003318
9.400000 -5.000000 0.100000 -0.003924
9.800000 -5.000000 0.100000 -0.004409
-9.800000 -4.600000 0.100000 -0.029562
-9.400000 -4.600000 0.100000 -0.032110
-9.000000 -4.600000 0.100000 -0.034821
-8.600000 -4.600000 0.100000 -0.037640
-8.200000 -4.600000 0.100000 -0.040461
-7.800000 -4.600000 0.100000 -0.043093
-7.400000 -4.600000 0.100000 -0.045212
-7.000000 -4.600000 0.100000 -0.046271
-6.600000 -4.600000 0.100000 -0.045384
-6.200000 -4.600000 0.100000 -0.041125
-5.800000 -4.600000 0.100000 -0.031265
-5.400000 -4.600000 0.100000 -0.012411
-5.000000 -4.600000 0.100000 0.020361
-4.600000 -4.600000 0.100000 0.073680
-4.200000 -4.600000 0.100000 0.155329
-3.800000 -4.600000 0.100000 0.272059
-3.400000 -4.600000 0.100000 0.424818
-3.000000 -4.600000 0.100000 0.601858
-2.600000 -4.600000 0.100000 0.773996
-2.200000 -4.600000 0.100000 0.899857
-1.800000 -4.600000 0.100000 0.944427
-1.400000 -4.600000 0.100000 0.899585
-1.000000 -4.600000 0.100000 0.787934
-0.600000 -4.600000 0.100000 0.646739
-0.200000 -4.600000 0.100000 0.508056
0.200000 -4.600000 0.100000 0.389458
0.600000 -4.600000 0.100000 0.295688
1.000000 -4.600000 0.100000 0.224396
1.400000 -4.600000 0.100000 0.170912
1.800000 -4.600000 0.100000 0.130740
2.200000 -4.600000 0.100000 0.100362
2.600000 -4.600000 0.100000 0.077230
3.000000 -4.600000 0.100000 0.059522
3.400000 -4.600000 0.100000 0.045908
3.800000 -4.600000 0.100000 0.035390
4.200000 -4.600000 0.100000 0.027211
4.600000 -4.600000 0.100000 0.020792
5.000000 -4.600000 0.100000 0.015699
5.400000 -4.600000 0.100000 0.011606
5.800000 -4.600000 0.100000 0.008277
6.200000 -4.600000 0.100000 0.005539
6.600000 -4.600000 0.100000 0.003269
7.000000 -4.600000 0.100000 0.001376
7.400000 -4.600000 0.100000 -0.000205
7.800000 -4.600000 0.100000 -0.001523
8.200000 -4.600000 0.100000 -0.002617
8.600000 -4.600000 0.100000 -0.003517
9.000000 -4.600000 0.100000 -0.004250
9.400000 -4.600000 0.100000 -0.004836
9.800000 -4.600000 0.100000 -0.005296
-9.800000 -4.200000 0.100000 -0.032455
-9.400000 -4.200000 0.100000 -0.035591
-9.000000 -4.200000 0.100000 -0.039035
-8.600000 -4.200000 0.100000 -0.042772
-8.200000 -4.200000 0.100000 -0.046743
-7.800000 -4.200000 0.100000 -0.050815
-7.400000 -4.200000 0.100000 -0.054723
-7.000000 -4.200000 0.100000 -0.057974
-6.600000 -4.200000 0.100000 -0.059692
-6.200000 -4.200000 0.100000 -0.058351
-5.800000 -4.200000 0.100000 -0.051360
-5.400000 -4.200000 0.100000 -0.034423
-5.000000 -4.200000 0.100000 -0.000662
-4.600000 -4.200000 0.100000 0.060331
-4.200000 -4.200000 0.100000 0.162808
-3.800000 -4.200000 0.100000 0.322757
-3.400000 -4.200000 0.100000 0.550305
-3.000000 -4.200000 0.100000 0.834572
-2.600000 -4.200000 0.100000 1.127255
-2.200000 -4.200000 0.100000 1.345850
-1.800000 -4.200000 0.100000 1.414482
-1.400000 -4.200000 0.100000 1.317382
-1.000000 -4.200000 0.100000 1.108163
-0.600000 -4.200000 0.100000 0.865561
-0.200000 -4.200000 0.100000 0.646847
0.200000 -4.200000 0.100000 0.474677
0.600000 -4.200000 0.100000 0.348172
1.000000 -4.200000 0.100000 0.257421
1.400000 -4.200000 0.100000 0.192071
1.800000 -4.200000 0.100000 0.144284
2.200000 -4.200000 0.100000 0.108816
2.600000 -4.200000 0.100000 0.082243
3.000000 -4.200000 0.100000 0.062248
3.400000 -4.200000 0.100000 0.047164
3.800000 -4.200000 0.100000 0.035739
4.200000 -4.200000 0.100000 0.027022
4.600000 -4.200000 0.100000 0.020292
5.000000 -4.200000 0.100000 0.015018
5.400000 -4.200000 0.100000 0.010816
5.800000 -4.200000 0.100000 0.007414
6.200000 -4.200000 0.100000 0.004621
6.600000 -4.200000 0.100000 0.002308
7.000000 -4.200000 0.100000 0.000380
7.400000 -4.200000 0.100000 -0.001226
7.800000 -4.200000 0.100000 -0.002559
8.200000 -4.200000 0.100000 -0.003659
8.600000 -4.200000 0.100000 -0.004554
9.000000 -4.200000 0.100000 -0.005273
9.400000 -4.200000 0.100000 -0.005837
9.800000 -4.200000 0.100000 -0.006267
-9.800000 -3.800000 0.100000 -0.035296
-9.400000 -3.800000 0.100000 -0.039040
-9.000000 -3.800000 0.100000 -0.043255
-8.600000 -3.800000 0.100000 -0.047976
-8.200000 -3.800000 0.100000 -0.053213
-7.800000 -3.800000 0.100000 -0.058918
-7.400000 -3.800000 0.100000 -0.064939
-7.000000 -3.800000 0.100000 -0.070913
-6.600000 -3.800000 0.100000 -0.076100
-6.200000 -3.800000 0.100000 -0.079063
-5.800000 -3.800000 0.100000 -0.077108
-5.400000 -3.800000 0.100000 -0.065329
-5.000000 -3.800000 0.100000 -0.035030
-4.600000 -3.800000 0.100000 0.028561
-4.200000 -3.800000 0.100000 0.148774
-3.800000 -3.800000 0.100000 0.357621
-3.400000 -3.800000 0.100000 0.686721
-3.000000 -3.800000 0.100000 1.138709
-2.600000 -3.800000 0.100000 1.641264
-2.200000 -3.800000 0.100000 2.031101
-1.800000 -3.800000 0.100000 2.139552
-1.400000 -3.800000 0.100000 1.934900
-1.000000 -3.800000 0.100000 1.545655
-0.600000 -3.800000 0.100000 1.136672
-0.200000 -3.800000 0.100000 0.803332
0.200000 -3.800000 0.100000 0.564711
0.600000 -3.800000 0.100000 0.402553
1.000000 -3.800000 0.100000 0.292210
1.400000 -3.800000 0.100000 0.214906
1.800000 -3.800000 0.100000 0.159015
2.200000 -3.800000 0.100000 0.117828
2.600000 -3.800000 0.100000 0.087308
3.000000 -3.800000 0.100000 0.064734
3.400000 -3.800000 0.100000 0.048076
3.800000 -3.800000 0.100000 0.035758
4.200000 -3.800000 0.100000 0.026567
4.600000 -3.800000 0.100000 0.019599
5.000000 -3.800000 0.100000 0.014205
5.400000 -3.800000 0.100000 0.009933
5.800000 -3.800000 0.100000 0.006477
6.200000 -3.800000 0.100000 0.003636
6.600000 -3.800000 0.100000 0.001276
7.000000 -3.800000 0.100000 -0.000693
7.400000 -3.800000 0.100000 -0.002332
7.800000 -3.800000 0.100000 -0.003688
8.200000 -3.800000 0.100000 -0.004796
8.600000 -3.800000 0.100000 -0.005689
9.000000 -3.800000 0.100000 -0.006391
9.400000 -3.800000 0.100000 -0.006929
9.800000 -3.800000 0.100000 -0.007325
-9.800000 -3.400000 0.100000 -0.038005
-9.400000 -3.400000 0.100000 -0.042352
-9.000000 -3.400000 0.100000 -0.047342
-8.600000 -3.400000 0.100000 -0.053071
-8.200000 -3.400000 0.100000 -0.059629
-7.800000 -3.400000 0.100000 -0.067084
-7.400000 -3.400000 0.100000 -0.075443
-7.000000 -3.400000 0.100000 -0.084560
-6.600000 -3.400000 0.100000 -0.093979
-6.200000 -3.400000 0.100000 -0.102603
-5.800000 -3.400000 0.100000 -0.108065
-5.400000 -3.400000 0.100000 -0.105513
-5.000000 -3.400000 0.100000 -0.085335
-4.600000 -3.400000 0.100000 -0.029156
-4.200000 -3.400000 0.100000 0.096311
-3.800000 -3.400000 0.100000 0.345527
-3.400000 -3.400000 0.100000 0.789840
-3.000000 -3.400000 0.100000 1.475160
-2.600000 -3.400000 0.100000 2.316398
-2.200000 -3.400000 0.100000 3.008128
-1.800000 -3.400000 0.100000 3.181150
-1.400000 -3.400000 0.100000 2.771233
-1.000000 -3.400000 0.100000 2.077425
-0.600000 -3.400000 0.100000 1.426474
-0.200000 -3.400000 0.100000 0.954477
0.200000 -3.400000 0.100000 0.650267
0.600000 -3.400000 0.100000 0.458249
1.000000 -3.400000 0.100000 0.331486
1.400000 -3.400000 0.100000 0.242278
1.800000 -3.400000 0.100000 0.176828
2.200000 -3.400000 0.100000 0.128339
2.600000 -3.400000 0.100000 0.092769
3.000000 -3.400000 0.100000 0.067058
3.400000 -3.400000 0.100000 0.048654
3.800000 -3.400000 0.100000 0.035471
4.200000 -3.400000 0.100000 0.025906
4.600000 -3.400000 0.100000 0.018797
5.000000 -3.400000 0.100000 0.013349
5.400000 -3.400000 0.100000 0.009039
5.800000 -3.400000 0.100000 0.005536
6.200000 -3.400000 0.100000 0.002635
6.600000 -3.400000 0.100000 0.000209
7.000000 -3.400000 0.100000 -0.001822
7.400000 -3.400000 0.100000 -0.003512
7.800000 -3.400000 0.100000 -0.004904
8.200000 -3.400000 0.100000 -0.006031
8.600000 -3.400000 0.100000 -0.006924
9.000000 -3.400000 0.100000 -0.007612
9.400000 -3.400000 0.100000 -0.008121
9.800000 -3.400000 0.100000 -0.008476
-9.800000 -3.000000 0.100000 -0.040501
-9.400000 -3.000000 0.100000 -0.045418
-9.000000 -3.000000 0.100000 -0.051149
-8.600000 -3.000000 0.100000 -0.057851
-8.200000 -3.000000 0.100000 -0.065708
-7.800000 -3.000000 0.100000 -0.074921
-7.400000 -3.000000 0.100000 -0.085689
-7.000000 -3.000000 0.100000 -0.098154
-6.600000 -3.000000 0.100000 -0.112279
-6.200000 -3.000000 0.100000 -0.127575
-5.800000 -3.000000 0.100000 -0.142513
-5.400000 -3.000000 0.100000 -0.153269
-5.000000 -3.000000 0.100000 -0.151077
-4.600000 -3.000000 0.100000 -0.116843
-4.200000 -3.000000 0.100000 -0.010938
-3.800000 -3.000000 0.100000 0.242721
-3.400000 -3.000000 0.100000 0.768284
-3.000000 -3.000000 0.100000 1.697484
-2.600000 -3.000000 0.100000 2.982694
-2.200000 -3.000000 0.100000 4.126874
-1.800000 -3.000000 0.100000 4.395335
-1.400000 -3.000000 0.100000 3.664893
-1.000000 -3.000000 0.100000 2.559104
-0.600000 -3.000000 0.100000 1.645043
-0.200000 -3.000000 0.100000 1.063863
0.200000 -3.000000 0.100000 0.727472
0.600000 -3.000000 0.100000 0.524181
1.000000 -3.000000 0.100000 0.385361
1.400000 -3.000000 0.100000 0.281145
1.800000 -3.000000 0.100000 0.201294
2.200000 -3.000000 0.100000 0.141715
2.600000 -3.000000 0.100000 0.098946
3.000000 -3.000000 0.100000 0.069206
3.400000 -3.000000 0.100000 0.048867
3.800000 -3.000000 0.100000 0.034924
4.200000 -3.000000 0.100000 0.025151
4.600000 -3.000000 0.100000 0.018031
5.000000 -3.000000 0.100000 0.012597
5.400000 -3.000000 0.100000 0.008263
5.800000 -3.000000 0.100000 0.004691
6.200000 -3.000000 0.100000 0.001690
6.600000 -3.000000 0.100000 -0.000845
7.000000 -3.000000 0.100000 -0.002979
7.400000 -3.000000 0.100000 -0.004754
7.800000 -3.000000 0.100000 -0.006206
8.200000 -3.000000 0.100000 -0.007366
8.600000 -3.000000 0.100000 -0.008267
9.000000 -3.000000 0.100000 -0.008941
9.400000 -3.000000 0.100000 -0.009418
9.800000 -3.000000 0.100000 -0.009727
-9.800000 -2.600000 0.100000 -0.042705
-9.400000 -2.600000 0.100000 -0.048130
-9.000000 -2.600000 0.100000 -0.054526
-8.600000 -2.600000 0.100000 -0.062111
-8.200000 -2.600000 0.100000 -0.071158
-7.800000 -2.600000 0.100000 -0.082004
-7.400000 -2.600000 0.100000 -0.095053
-7.000000 -2.600000 0.100000 -0.110768
-6.600000 -2.600000 0.100000 -0.129613
-6.200000 -2.600000 0.100000 -0.151895
-5.800000 -2.600000 0.100000 -0.177357
-5.400000 -2.600000 0.100000 -0.204167
-5.000000 -2.600000 0.100000 -0.226545
-4.600000 -2.600000 0.100000 -0.229258
-4.200000 -2.600000 0.100000 -0.175507
-3.800000 -2.600000 0.100000 0.016830
-3.400000 -2.600000 0.100000 0.508055
-3.000000 -2.600000 0.100000 1.525658
-2.600000 -2.600000 0.100000 3.132072
-2.200000 -2.600000 0.100000 4.704993
-1.800000 -2.600000 0.100000 5.083579
-1.400000 -2.600000 0.100000 4.067303
-1.000000 -2.600000 0.100000 2.671862
-0.600000 -2.600000 0.100000 1.665157
-0.200000 -2.600000 0.100000 1.113923
0.200000 -2.600000 0.100000 0.823111
0.600000 -2.600000 0.100000 0.633707
1.000000 -2.600000 0.100000 0.477909
1.400000 -2.600000 0.100000 0.344194
1.800000 -2.600000 0.100000 0.237300
2.200000 -2.600000 0.100000 0.159037
2.600000 -2.600000 0.100000 0.105645
3.000000 -2.600000 0.100000 0.070852
3.400000 -2.600000 0.100000 0.048597
3.800000 -2.600000 0.100000 0.034208
4.200000 -2.600000 0.100000 0.024514
4.600000 -2.600000 0.100000 0.017548
5.000000 -2.600000 0.100000 0.012178
5.400000 -2.600000 0.100000 0.007791
5.800000 -2.600000 0.100000 0.004078
6.200000 -2.600000 0.100000 0.000892
6.600000 -2.600000 0.100000 -0.001834
7.000000 -2.600000 0.100000 -0.004138
7.400000 -2.600000 0.100000 -0.006048
7.800000 -2.600000 0.100000 -0.007594
8.200000 -2.600000 0.100000 -0.008809
8.600000 -2.600000 0.100000 -0.009728
9.000000 -2.600000 0.100000 -0.010390
9.400000 -2.600000 0.100000 -0.010831
9.800000 -2.600000 0.100000 -0.011087
-9.800000 -2.200000 0.100000 -0.044550
-9.400000 -2.200000 0.100000 -0.050395
-9.000000 -2.200000 0.100000 -0.057342
-8.600000 -2.200000 0.100000 -0.065661
-8.200000 -2.200000 0.100000 -0.075704
-7.800000 -2.200000 0.100000 -0.087927
-7.400000 -2.200000 0.100000 -0.102922
-7.000000 -2.200000 0.100000 -0.121453
-6.600000 -2.200000 0.100000 -0.144475
-6.200000 -2.200000 0.100000 -0.173126
-5.800000 -2.200000 0.100000 -0.208571
-5.400000 -2.200000 0.100000 -0.251484
-5.000000 -2.200000 0.100000 -0.300534
-4.600000 -2.200000 0.100000 -0.348361
-4.200000 -2.200000 0.100000 -0.371497
-3.800000 -2.200000 0.100000 -0.307457
-3.400000 -2.200000 0.100000 -0.013915
-3.000000 -2.200000 0.100000 0.753611
-2.600000 -2.200000 0.100000 2.156552
-2.200000 -2.200000 0.100000 3.683415
-1.800000 -2.200000 0.100000 4.128265
-1.400000 -2.200000 0.100000 3.255108
-1.000000 -2.200000 0.100000 2.131844
-0.600000 -2.200000 0.100000 1.459958
-0.200000 -2.200000 0.100000 1.184629
0.200000 -2.200000 0.100000 1.039197
0.600000 -2.200000 0.100000 0.866263
1.000000 -2.200000 0.100000 0.653379
1.400000 -2.200000 0.100000 0.448799
1.800000 -2.200000 0.100000 0.288522
2.200000 -2.200000 0.100000 0.179343
2.600000 -2.200000 0.100000 0.111371
3.000000 -2.200000 0.100000 0.071152
3.400000 -2.200000 0.100000 0.047677
3.800000 -2.200000 0.100000 0.033563
4.200000 -2.200000 0.100000 0.024396
4.600000 -2.200000 0.100000 0.017760
5.000000 -2.200000 0.100000 0.012439
5.400000 -2.200000 0.100000 0.007881
5.800000 -2.200000 0.100000 0.003872
6.200000 -2.200000 0.100000 0.000349
6.600000 -2.200000 0.100000 -0.002699
7.000000 -2.200000 0.100000 -0.005275
7.400000 -2.200000 0.100000 -0.007393
7.800000 -2.200000 0.100000 -0.009080
8.200000 -2.200000 0.100000 -0.010375
8.600000 -2.200000 0.100000 -0.011323
9.000000 -2.200000 0.100000 -0.011974
9.400000 -2.200000 0.100000 -0.012373
9.800000 -2.200000 0.100000 -0.012566
-9.800000 -1.800000 0.100000 -0.045981
-9.400000 -1.800000 0.100000 -0.052141
-9.000000 -1.800000 0.100000 -0.059496
-8.600000 -1.800000 0.100000 -0.068356
-8.200000 -1.800000 0.100000 -0.079131
-7.800000 -1.800000 0.100000 -0.092365
-7.400000 -1.800000 0.100000 -0.108792
-7.000000 -1.800000 0.100000 -0.129405
-6.600000 -1.800000 0.100000 -0.155548
-6.200000 -1.800000 0.100000 -0.189029
-5.800000 -1.800000 0.100000 -0.232224
-5.400000 -1.800000 0.100000 -0.288056
-5.000000 -1.800000 0.100000 -0.359534
-4.600000 -1.800000 0.100000 -0.447920
-4.200000 -1.800000 0.100000 -0.547186
-3.800000 -1.800000 0.100000 -0.629640
-3.400000 -1.800000 0.100000 -0.616481
-3.000000 -1.800000 0.100000 -0.348831
-2.600000 -1.800000 0.100000 0.327076
-2.200000 -1.800000 0.100000 1.203029
-1.800000 -1.800000 0.100000 1.618026
-1.400000 -1.800000 0.100000 1.411849
-1.000000 -1.800000 0.100000 1.183142
-0.600000 -1.800000 0.100000 1.286411
-0.200000 -1.800000 0.100000 1.539942
0.200000 -1.800000 0.100000 1.607406
0.600000 -1.800000 0.100000 1.369950
1.000000 -1.800000 0.100000 0.974473
1.400000 -1.800000 0.100000 0.608088
1.800000 -1.800000 0.100000 0.350877
2.200000 -1.800000 0.100000 0.196729
2.600000 -1.800000 0.100000 0.112574
3.000000 -1.800000 0.100000 0.068837
3.400000 -1.800000 0.100000 0.046169
3.800000 -1.800000 0.100000 0.033616
4.200000 -1.800000 0.100000 0.025545
4.600000 -1.800000 0.100000 0.019324
5.000000 -1.800000 0.100000 0.013879
5.400000 -1.800000 0.100000 0.008874
5.800000 -1.800000 0.100000 0.004283
6.200000 -1.800000 0.100000 0.000173
6.600000 -1.800000 0.100000 -0.003392
7.000000 -1.800000 0.100000 -0.006381
7.400000 -1.800000 0.100000 -0.008800
7.800000 -1.800000 0.100000 -0.010685
8.200000 -1.800000 0.100000 -0.012089
8.600000 -1.800000 0.100000 -0.013077
9.000000 -1.800000 0.100000 -0.013713
9.400000 -1.800000 0.100000 -0.014060
9.800000 -1.800000 0.100000 -0.014176
-9.800000 -1.400000 0.100000 -0.046968
-9.400000 -1.400000 0.100000 -0.053322
-9.000000 -1.400000 0.100000 -0.060925
-8.600000 -1.400000 0.100000 -0.070108
-8.200000 -1.400000 0.100000 -0.081309
-7.800000 -1.400000 0.100000 -0.095121
-7.400000 -1.400000 0.100000 -0.112356
-7.000000 -1.400000 0.100000 -0.134128
-6.600000 -1.400000 0.100000 -0.161998
-6.200000 -1.400000 0.100000 -0.198154
-5.800000 -1.400000 0.100000 -0.245670
-5.400000 -1.400000 0.100000 -0.308823
-5.000000 -1.400000 0.100000 -0.393347
-4.600000 -1.400000 0.100000 -0.506237
-4.200000 -1.400000 0.100000 -0.653916
-3.800000 -1.400000 0.100000 -0.835900
-3.400000 -1.400000 0.100000 -1.029390
-3.000000 -1.400000 0.100000 -1.166564
-2.600000 -1.400000 0.100000 -1.142324
-2.200000 -1.400000 0.100000 -0.918984
-1.800000 -1.400000 0.100000 -0.596640
-1.400000 -1.400000 0.100000 -0.182746
-1.000000 -1.400000 0.100000 0.526547
-0.600000 -1.400000 0.100000 1.604906
-0.200000 -1.400000 0.100000 2.641535
0.200000 -1.400000 0.100000 2.937291
0.600000 -1.400000 0.100000 2.361806
1.000000 -1.400000 0.100000 1.489611
1.400000 -1.400000 0.100000 0.804602
1.800000 -1.400000 0.100000 0.401309
2.200000 -1.400000 0.100000 0.197811
2.600000 -1.400000 0.100000 0.104074
3.000000 -1.400000 0.100000 0.063108
3.400000 -1.400000 0.100000 0.045051
3.800000 -1.400000 0.100000 0.035787
4.200000 -1.400000 0.100000 0.029254
4.600000 -1.400000 0.100000 0.023227
5.000000 -1.400000 0.100000 0.017169
5.400000 -1.400000 0.100000 0.011182
5.800000 -1.400000 0.100000 0.005535
6.200000 -1.400000 0.100000 0.000463
6.600000 -1.400000 0.100000 -0.003891
7.000000 -1.400000 0.100000 -0.007475
7.400000 -1.400000 0.100000 -0.010307
7.800000 -1.400000 0.100000 -0.012450
8.200000 -1.400000 0.100000 -0.013990
8.600000 -1.400000 0.100000 -0.015021
9.000000 -1.400000 0.100000 -0.015634
9.400000 -1.400000 0.100000 -0.015913
9.800000 -1.400000 0.100000 -0.015930
-9.800000 -1.000000 0.100000 -0.047499
-9.400000 -1.000000 0.100000 -0.053926
-9.000000 -1.000000 0.100000 -0.061613
-8.600000 -1.000000 0.100000 -0.070892
-8.200000 -1.000000 0.100000 -0.082206
-7.800000 -1.000000 0.100000 -0.096151
-7.400000 -1.000000 0.100000 -0.113545
-7.000000 -1.000000 0.100000 -0.135516
-6.600000 -1.000000 0.100000 -0.163649
-6.200000 -1.000000 0.100000 -0.200182
-5.800000 -1.000000 0.100000 -0.248308
-5.400000 -1.000000 0.100000 -0.312566
-5.000000 -1.000000 0.100000 -0.399334
-4.600000 -1.000000 0.100000 -0.517188
-4.200000 -1.000000 0.100000 -0.676520
-3.800000 -1.000000 0.100000 -0.886629
-3.400000 -1.000000 0.100000 -1.146885
-3.000000 -1.000000 0.100000 -1.428911
-2.600000 -1.000000 0.100000 -1.657814
-2.200000 -1.000000 0.100000 -1.721155
-1.800000 -1.000000 0.100000 -1.506155
-1.400000 -1.000000 0.100000 -0.875207
-1.000000 -1.000000 0.100000 0.431696
-0.600000 -1.000000 0.100000 2.631565
-0.200000 -1.000000 0.100000 4.977036
0.200000 -1.000000 0.100000 5.526356
0.600000 -1.000000 0.100000 3.971663
1.000000 -1.000000 0.100000 2.106822
1.400000 -1.000000 0.100000 0.940446
1.800000 -1.000000 0.100000 0.389134
2.200000 -1.000000 0.100000 0.164433
2.600000 -1.000000 0.100000 0.082485
3.000000 -1.000000 0.100000 0.055794
3.400000 -1.000000 0.100000 0.047324
3.800000 -1.000000 0.100000 0.042790
4.200000 -1.000000 0.100000 0.037555
4.600000 -1.000000 0.100000 0.030826
5.000000 -1.000000 0.100000 0.023128
5.400000 -1.000000 0.100000 0.015243
5.800000 -1.000000 0.100000 0.007819
6.200000 -1.000000 0.100000 0.001266
6.600000 -1.000000 0.100000 -0.004225
7.000000 -1.000000 0.100000 -0.008619
7.400000 -1.000000 0.100000 -0.011985
7.800000 -1.000000 0.100000 -0.014443
8.200000 -1.000000 0.100000 -0.016135
8.600000 -1.000000 0.100000 -0.017200
9.000000 -1.000000 0.100000 -0.017769
9.400000 -1.000000 0.100000 -0.017952
9.800000 -1.000000 0.100000 -0.017845
-9.800000 -0.600000 0.100000 -0.047588
-9.400000 -0.600000 0.100000 -0.053971
-9.000000 -0.600000 0.100000 -0.061587
-8.600000 -0.600000 0.100000 -0.070752
-8.200000 -0.600000 0.100000 -0.081888
-7.800000 -0.600000 0.100000 -0.095558
-7.400000 -0.600000 0.100000 -0.112526
-7.000000 -0.600000 0.100000 -0.133839
-6.600000 -0.600000 0.100000 -0.160951
-6.200000 -0.600000 0.100000 -0.195891
-5.800000 -0.600000 0.100000 -0.241508
-5.400000 -0.600000 0.100000 -0.301800
-5.000000 -0.600000 0.100000 -0.382277
-4.600000 -0.600000 0.100000 -0.490249
-4.200000 -0.600000 0.100000 -0.634519
-3.800000 -0.600000 0.100000 -0.823378
-3.400000 -0.600000 0.100000 -1.058737
-3.000000 -0.600000 0.100000 -1.324407
-2.600000 -0.600000 0.100000 -1.571613
-2.200000 -0.600000 0.100000 -1.714553
-1.800000 -0.600000 0.100000 -1.635509
-1.400000 -0.600000 0.100000 -1.127917
-1.000000 -0.600000 0.100000 0.325652
-0.600000 -0.600000 0.100000 3.595961
-0.200000 -0.600000 0.100000 7.952688
0.200000 -0.600000 0.100000 8.838605
0.600000 -0.600000 0.100000 5.489008
1.000000 -0.600000 0.100000 2.337172
1.400000 -0.600000 0.100000 0.812854
1.800000 -0.600000 0.100000 0.256077
2.200000 -0.600000 0.100000 0.088775
2.600000 -0.600000 0.100000 0.053472
3.000000 -0.600000 0.100000 0.054346
3.400000 -0.600000 0.100000 0.059131
3.800000 -0.600000 0.100000 0.058977
4.200000 -0.600000 0.100000 0.053253
4.600000 -0.600000 0.100000 0.043774
5.000000 -0.600000 0.100000 0.032625
5.400000 -0.600000 0.100000 0.021433
5.800000 -0.600000 0.100000 0.011228
6.200000 -0.600000 0.100000 0.002528
6.600000 -0.600000 0.100000 -0.004507
7.000000 -0.600000 0.100000 -0.009940
7.400000 -0.600000 0.100000 -0.013950
7.800000 -0.600000 0.100000 -0.016759
8.200000 -0.600000 0.100000 -0.018596
8.600000 -0.600000 0.100000 -0.019669
9.000000 -0.600000 0.100000 -0.020155
9.400000 -0.600000 0.100000 -0.020204
9.800000 -0.600000 0.100000 -0.019933
-9.800000 -0.200000 0.100000 -0.047263
-9.400000 -0.200000 0.100000 -0.053502
-9.000000 -0.200000 0.100000 -0.060912
-8.600000 -0.200000 0.100000 -0.069785
-8.200000 -0.200000 0.100000 -0.080501
-7.800000 -0.200000 0.100000 -0.093564
-7.400000 -0.200000 0.100000 -0.109645
-7.000000 -0.200000 0.100000 -0.129649
-6.600000 -0.200000 0.100000 -0.154804
-6.200000 -0.200000 0.100000 -0.186784
-5.800000 -0.200000 0.100000 -0.227872
-5.400000 -0.200000 0.100000 -0.281157
-5.000000 -0.200000 0.100000 -0.350722
-4.600000 -0.200000 0.100000 -0.441714
-4.200000 -0.200000 0.100000 -0.559972
-3.800000 -0.200000 0.100000 -0.710638
-3.400000 -0.200000 0.100000 -0.894934
-3.000000 -0.200000 0.100000 -1.104901
-2.600000 -0.200000 0.100000 -1.318442
-2.200000 -0.200000 0.100000 -1.498999
-1.800000 -0.200000 0.100000 -1.591212
-1.400000 -0.200000 0.100000 -1.452079
-1.000000 -0.200000 0.100000 -0.572232
-0.600000 -0.200000 0.100000 2.314425
-0.200000 -0.200000 0.100000 7.254695
0.200000 -0.200000 0.100000 8.383284
0.600000 -0.200000 0.100000 4.464072
1.000000 -0.200000 0.100000 1.417822
1.400000 -0.200000 0.100000 0.285042
1.800000 -0.200000 0.100000 0.011043
2.200000 -0.200000 0.100000 -0.001884
2.600000 -0.200000 0.100000 0.038949
3.000000 -0.200000 0.100000 0.073674
3.400000 -0.200000 0.100000 0.090043
3.800000 -0.200000 0.100000 0.090191
4.200000 -0.200000 0.100000 0.079674
4.600000 -0.200000 0.100000 0.063768
5.000000 -0.200000 0.100000 0.046368
5.400000 -0.200000 0.100000 0.029909
5.800000 -0.200000 0.100000 0.015646
6.200000 -0.200000 0.100000 0.004029
6.600000 -0.200000 0.100000 -0.004975
7.000000 -0.200000 0.100000 -0.011649
7.400000 -0.200000 0.100000 -0.016370
7.800000 -0.200000 0.100000 -0.019526
8.200000 -0.200000 0.100000 -0.021465
8.600000 -0.200000 0.100000 -0.022487
9.000000 -0.200000 0.100000 -0.022832
9.400000 -0.200000 0.100000 -0.022690
9.800000 -0.200000 0.100000 -0.022208
-9.800000 0.200000 0.100000 -0.046572
-9.400000 0.200000 0.100000 -0.052582
-9.000000 0.200000 0.100000 -0.059681
-8.600000 0.200000 0.100000 -0.068124
-8.200000 0.200000 0.100000 -0.078242
-7.800000 0.200000 0.100000 -0.090463
-7.400000 0.200000 0.100000 -0.105349
-7.000000 0.200000 0.100000 -0.123636
-6.600000 0.200000 0.100000 -0.146298
-6.200000 0.200000 0.100000 -0.174619
-5.800000 0.200000 0.100000 -0.210288
-5.400000 0.200000 0.100000 -0.255492
-5.000000 0.200000 0.100000 -0.312988
-4.600000 0.200000 0.100000 -0.386075
-4.200000 0.200000 0.100000 -0.478331
-3.800000 0.200000 0.100000 -0.592963
-3.400000 0.200000 0.100000 -0.731705
-3.000000 0.200000 0.100000 -0.893849
-2.600000 0.200000 0.100000 -1.077114
-2.200000 0.200000 0.100000 -1.282308
-1.800000 0.200000 0.100000 -1.517446
-1.400000 0.200000 0.100000 -1.772946
-1.000000 0.200000 0.100000 -1.881097
-0.600000 0.200000 0.100000 -1.208940
-0.200000 0.200000 0.100000 0.699042
0.200000 0.200000 0.100000 1.554207
0.600000 0.200000 0.100000 0.441419
1.000000 0.200000 0.100000 -0.316420
1.400000 0.200000 0.100000 -0.375111
1.800000 0.200000 0.100000 -0.207098
2.200000 0.200000 0.100000 -0.038439
2.600000 0.200000 0.100000 0.075407
3.000000 0.200000 0.100000 0.134276
3.400000 0.200000 0.100000 0.151783
3.800000 0.200000 0.100000 0.142884
4.200000 0.200000 0.100000 0.120024
4.600000 0.200000 0.100000 0.092085
5.000000 0.200000 0.100000 0.064583
5.400000 0.200000 0.100000 0.040397
5.800000 0.200000 0.100000 0.020626
6.200000 0.200000 0.100000 0.005314
6.600000 0.200000 0.100000 -0.006018
7.000000 0.200000 0.100000 -0.014049
7.400000 0.200000 0.100000 -0.019469
7.800000 0.200000 0.100000 -0.022896
8.200000 0.200000 0.100000 -0.024844
8.600000 0.200000 0.100000 -0.025719
9.000000 0.200000 0.100000 -0.025835
9.400000 0.200000 0.100000 -0.025429
9.800000 0.200000 0.100000 -0.024674
-9.800000 0.600000 0.100000 -0.045568
-9.400000 0.600000 0.100000 -0.051289
-9.000000 0.600000 0.100000 -0.058000
-8.600000 0.600000 0.100000 -0.065921
-8.200000 0.600000 0.100000 -0.075328
-7.800000 0.600000 0.100000 -0.086573
-7.400000 0.600000 0.100000 -0.100104
-7.000000 0.600000 0.100000 -0.116496
-6.600000 0.600000 0.100000 -0.136484
-6.200000 0.600000 0.100000 -0.161002
-5.800000 0.600000 0.100000 -0.191235
-5.400000 0.600000 0.100000 -0.228653
-5.000000 0.600000 0.100000 -0.275036
-4.600000 0.600000 0.100000 -0.332450
-4.200000 0.600000 0.100000 -0.403166
-3.800000 0.600000 0.100000 -0.489542
-3.400000 0.600000 0.100000 -0.594066
-3.000000 0.600000 0.100000 -0.720156
-2.600000 0.600000 0.100000 -0.874809
-2.200000 0.600000 0.100000 -1.074431
-1.800000 0.600000 0.100000 -1.353346
-1.400000 0.600000 0.100000 -1.766201
-1.000000 0.600000 0.100000 -2.348881
-0.600000 0.600000 0.100000 -2.968134
-0.200000 0.600000 0.100000 -3.195394
0.200000 0.600000 0.100000 -2.793654
0.600000 0.600000 0.100000 -2.058567
1.000000 0.600000 0.100000 -1.288934
1.400000 0.600000 0.100000 -0.658819
1.800000 0.600000 0.100000 -0.218896
2.200000 0.600000 0.100000 0.054170
2.600000 0.600000 0.100000 0.200270
3.000000 0.600000 0.100000 0.256783
3.400000 0.600000 0.100000 0.255668
3.800000 0.600000 0.100000 0.222630
4.200000 0.600000 0.100000 0.176397
4.600000 0.600000 0.100000 0.128916
5.000000 0.600000 0.100000 0.086586
5.400000 0.600000 0.100000 0.051951
5.800000 0.600000 0.100000 0.025260
6.200000 0.600000 0.100000 0.005638
6.600000 0.600000 0.100000 -0.008195
7.000000 0.600000 0.100000 -0.017535
7.400000 0.600000 0.100000 -0.023511
7.800000 0.600000 0.100000 -0.027041
8.200000 0.600000 0.100000 -0.028834
8.600000 0.600000 0.100000 -0.029421
9.000000 0.600000 0.100000 -0.029193
9.400000 0.600000 0.100000 -0.028429
9.800000 0.600000 0.100000 -0.027330
-9.800000 1.000000 0.100000 -0.044311
-9.400000 1.000000 0.100000 -0.049702
-9.000000 1.000000 0.100000 -0.055980
-8.600000 1.000000 0.100000 -0.063328
-8.200000 1.000000 0.100000 -0.071972
-7.800000 1.000000 0.100000 -0.082192
-7.400000 1.000000 0.100000 -0.094336
-7.000000 1.000000 0.100000 -0.108837
-6.600000 1.000000 0.100000 -0.126232
-6.200000 1.000000 0.100000 -0.147180
-5.800000 1.000000 0.100000 -0.172486
-5.400000 1.000000 0.100000 -0.203116
-5.000000 1.000000 0.100000 -0.240210
-4.600000 1.000000 0.100000 -0.285090
-4.200000 1.000000 0.100000 -0.339285
-3.800000 1.000000 0.100000 -0.404645
-3.400000 1.000000 0.100000 -0.483707
-3.000000 1.000000 0.100000 -0.580652
-2.600000 1.000000 0.100000 -0.703369
-2.200000 1.000000 0.100000 -0.867084
-1.800000 1.000000 0.100000 -1.098984
-1.400000 1.000000 0.100000 -1.438584
-1.000000 1.000000 0.100000 -1.914548
-0.600000 1.000000 0.100000 -2.459871
-0.200000 1.000000 0.100000 -2.798305
0.200000 1.000000 0.100000 -2.595815
0.600000 1.000000 0.100000 -1.903258
1.000000 1.000000 0.100000 -1.092946
1.400000 1.000000 0.100000 -0.424272
1.800000 1.000000 0.100000 0.038120
2.200000 1.000000 0.100000 0.312794
2.600000 1.000000 0.100000 0.438183
3.000000 1.000000 0.100000 0.456774
3.400000 1.000000 0.100000 0.409887
3.800000 1.000000 0.100000 0.332289
4.200000 1.000000 0.100000 0.248489
4.600000 1.000000 0.100000 0.172522
5.000000 1.000000 0.100000 0.110305
5.400000 1.000000 0.100000 0.062707
5.800000 1.000000 0.100000 0.028092
6.200000 1.000000 0.100000 0.003952
6.600000 1.000000 0.100000 -0.012218
7.000000 1.000000 0.100000 -0.022564
7.400000 1.000000 0.100000 -0.028775
7.800000 1.000000 0.100000 -0.032120
8.200000 1.000000 0.100000 -0.033520
8.600000 1.000000 0.100000 -0.033631
9.000000 1.000000 0.100000 -0.032913
9.400000 1.000000 0.100000 -0.031684
9.800000 1.000000 0.100000 -0.030160
-9.800000 1.400000 0.100000 -0.042861
-9.400000 1.400000 0.100000 -0.047900
-9.000000 1.400000 0.100000 -0.053725
-8.600000 1.400000 0.100000 -0.060486
-8.200000 1.400000 0.100000 -0.068364
-7.800000 1.400000 0.100000 -0.077577
-7.400000 1.400000 0.100000 -0.088392
-7.000000 1.400000 0.100000 -0.101128
-6.600000 1.400000 0.100000 -0.116173
-6.200000 1.400000 0.100000 -0.133984
-5.800000 1.400000 0.100000 -0.155104
-5.400000 1.400000 0.100000 -0.180171
-5.000000 1.400000 0.100000 -0.209921
-4.600000 1.400000 0.100000 -0.245222
-4.200000 1.400000 0.100000 -0.287113
-3.800000 1.400000 0.100000 -0.336940
-3.400000 1.400000 0.100000 -0.396620
-3.000000 1.400000 0.100000 -0.469171
-2.600000 1.400000 0.100000 -0.559576
-2.200000 1.400000 0.100000 -0.675854
-1.800000 1.400000 0.100000 -0.829375
-1.400000 1.400000 0.100000 -1.031078
-1.000000 1.400000 0.100000 -1.276056
-0.600000 1.400000 0.100000 -1.510150
-0.200000 1.400000 0.100000 -1.605646
0.200000 1.400000 0.100000 -1.428355
0.600000 1.400000 0.100000 -0.980864
1.000000 1.400000 0.100000 -0.412352
1.400000 1.400000 0.100000 0.116649
1.800000 1.400000 0.100000 0.511061
2.200000 1.400000 0.100000 0.735882
2.600000 1.400000 0.100000 0.799865
3.000000 1.400000 0.100000 0.742664
3.400000 1.400000 0.100000 0.616943
3.800000 1.400000 0.100000 0.469710
4.200000 1.400000 0.100000 0.331962
4.600000 1.400000 0.100000 0.218292
5.000000 1.400000 0.100000 0.131833
5.400000 1.400000 0.100000 0.069753
5.800000 1.400000 0.100000 0.027119
6.200000 1.400000 0.100000 -0.001036
6.600000 1.400000 0.100000 -0.018877
7.000000 1.400000 0.100000 -0.029595
7.400000 1.400000 0.100000 -0.035511
7.800000 1.400000 0.100000 -0.038254
8.200000 1.400000 0.100000 -0.038947
8.600000 1.400000 0.100000 -0.038352
9.000000 1.400000 0.100000 -0.036979
9.400000 1.400000 0.100000 -0.035165
9.800000 1.400000 0.100000 -0.033133
-9.800000 1.800000 0.100000 -0.041270
-9.400000 1.800000 0.100000 -0.045952
-9.000000 1.800000 0.100000 -0.051326
-8.600000 1.800000 0.100000 -0.057513
-8.200000 1.800000 0.100000 -0.064657
-7.800000 1.800000 0.100000 -0.072928
-7.400000 1.800000 0.100000 -0.082527
-7.000000 1.800000 0.100000 -0.093694
-6.600000 1.800000 0.100000 -0.106704
-6.200000 1.800000 0.100000 -0.121882
-5.800000 1.800000 0.100000 -0.139600
-5.400000 1.800000 0.100000 -0.160286
-5.000000 1.800000 0.100000 -0.184430
-4.600000 1.800000 0.100000 -0.212604
-4.200000 1.800000 0.100000 -0.245490
-3.800000 1.800000 0.100000 -0.283935
-3.400000 1.800000 0.100000 -0.329035
-3.000000 1.800000 0.100000 -0.382234
-2.600000 1.800000 0.100000 -0.445347
-2.200000 1.800000 0.100000 -0.520251
-1.800000 1.800000 0.100000 -0.607609
-1.400000 1.800000 0.100000 -0.703351
-1.000000 1.800000 0.100000 -0.791556
-0.600000 1.800000 0.100000 -0.835376
-0.200000 1.800000 0.100000 -0.776905
0.200000 1.800000 0.100000 -0.562519
0.600000 1.800000 0.100000 -0.185926
1.000000 1.800000 0.100000 0.292924
1.400000 1.800000 0.100000 0.769901
1.800000 1.800000 0.100000 1.134890
2.200000 1.800000 0.100000 1.311289
2.600000 1.800000 0.100000 1.286858
3.000000 1.800000 0.100000 1.112951
3.400000 1.800000 0.100000 0.869299
3.800000 1.800000 0.100000 0.624219
4.200000 1.800000 0.100000 0.416370
4.600000 1.800000 0.100000 0.257831
5.000000 1.800000 0.100000 0.145215
5.400000 1.800000 0.100000 0.069211
5.800000 1.800000 0.100000 0.019980
6.200000 1.800000 0.100000 -0.010683
6.600000 1.800000 0.100000 -0.028904
7.000000 1.800000 0.100000 -0.038991
7.400000 1.800000 0.100000 -0.043870
7.800000 1.800000 0.100000 -0.045482
8.200000 1.800000 0.100000 -0.045097
8.600000 1.800000 0.100000 -0.043539
9.000000 1.800000 0.100000 -0.041335
9.400000 1.800000 0.100000 -0.038818
9.800000 1.800000 0.100000 -0.036197
-9.800000 2.200000 0.100000 -0.039586
-9.400000 2.200000 0.100000 -0.043919
-9.000000 2.200000 0.100000 -0.048858
-8.600000 2.200000 0.100000 -0.054503
-8.200000 2.200000 0.100000 -0.060967
-7.800000 2.200000 0.100000 -0.068385
-7.400000 2.200000 0.100000 -0.076911
-7.000000 2.200000 0.100000 -0.086726
-6.600000 2.200000 0.100000 -0.098035
-6.200000 2.200000 0.100000 -0.111074
-5.800000 2.200000 0.100000 -0.126110
-5.400000 2.200000 0.100000 -0.143444
-5.000000 2.200000 0.100000 -0.163419
-4.600000 2.200000 0.100000 -0.186420
-4.200000 2.200000 0.100000 -0.212875
-3.800000 2.200000 0.100000 -0.243247
-3.400000 2.200000 0.100000 -0.277983
-3.000000 2.200000 0.100000 -0.317373
-2.600000 2.200000 0.100000 -0.361222
-2.200000 2.200000 0.100000 -0.408143
-1.800000 2.200000 0.100000 -0.454185
-1.400000 2.200000 0.100000 -0.490496
-1.000000 2.200000 0.100000 -0.500071
-0.600000 2.200000 0.100000 -0.454887
-0.200000 2.200000 0.100000 -0.316941
0.200000 2.200000 0.100000 -0.048170
0.600000 2.200000 0.100000 0.368393
1.000000 2.200000 0.100000 0.901090
1.400000 2.200000 0.100000 1.450616
1.800000 2.200000 0.100000 1.866694
2.200000 2.200000 0.100000 2.019159
2.600000 2.200000 0.100000 1.881729
3.000000 2.200000 0.100000 1.544037
3.400000 2.200000 0.100000 1.139995
3.800000 2.200000 0.100000 0.771352
4.200000 2.200000 0.100000 0.483099
4.600000 2.200000 0.100000 0.278664
5.000000 2.200000 0.100000 0.142832
5.400000 2.200000 0.100000 0.056762
5.800000 2.200000 0.100000 0.004387
6.200000 2.200000 0.100000 -0.026106
6.600000 2.200000 0.100000 -0.042777
7.000000 2.200000 0.100000 -0.050898
7.400000 2.200000 0.100000 -0.053839
7.800000 2.200000 0.100000 -0.053720
8.200000 2.200000 0.100000 -0.051864
8.600000 2.200000 0.100000 -0.049086
9.000000 2.200000 0.100000 -0.045885
9.400000 2.200000 0.100000 -0.042559
9.800000 2.200000 0.100000 -0.039284
-9.800000 2.600000 0.100000 -0.037850
-9.400000 2.600000 0.100000 -0.041849
-9.000000 2.600000 0.100000 -0.046379
-8.600000 2.600000 0.100000 -0.051523
-8.200000 2.600000 0.100000 -0.057373
-7.800000 2.600000 0.100000 -0.064037
-7.400000 2.600000 0.100000 -0.071638
-7.000000 2.600000 0.100000 -0.080317
-6.600000 2.600000 0.100000 -0.090234
-6.200000 2.600000 0.100000 -0.101572
-5.800000 2.600000 0.100000 -0.114538
-5.400000 2.600000 0.100000 -0.129365
-5.000000 2.600000 0.100000 -0.146313
-4.600000 2.600000 0.100000 -0.165663
-4.200000 2.600000 0.100000 -0.187703
-3.800000 2.600000 0.100000 -0.212679
-3.400000 2.600000 0.100000 -0.240700
-3.000000 2.600000 0.100000 -0.271523
-2.600000 2.600000 0.100000 -0.304166
-2.200000 2.600000 0.100000 -0.336207
-1.800000 2.600000 0.100000 -0.362627
-1.400000 2.600000 0.100000 -0.374012
-1.000000 2.600000 0.100000 -0.354033
-0.600000 2.600000 0.100000 -0.276487
-0.200000 2.600000 0.100000 -0.103360
0.200000 2.600000 0.100000 0.211834
0.600000 2.600000 0.100000 0.706704
1.000000 2.600000 0.100000 1.369281
1.400000 2.600000 0.100000 2.084468
1.800000 2.600000 0.100000 2.628448
2.200000 2.600000 0.100000 2.783550
2.600000 2.600000 0.100000 2.507809
3.000000 2.600000 0.100000 1.962751
3.400000 2.600000 0.100000 1.368476
3.800000 2.600000 0.100000 0.868100
4.200000 2.600000 0.100000 0.505307
4.600000 2.600000 0.100000 0.265683
5.000000 2.600000 0.100000 0.116900
5.400000 2.600000 0.100000 0.028744
5.800000 2.600000 0.100000 -0.021168
6.200000 2.600000 0.100000 -0.047764
6.600000 2.600000 0.100000 -0.060483
7.000000 2.600000 0.100000 -0.065118
7.400000 2.600000 0.100000 -0.065170
7.800000 2.600000 0.100000 -0.062731
8.200000 2.600000 0.100000 -0.059039
8.600000 2.600000 0.100000 -0.054820
9.000000 2.600000 0.100000 -0.050489
9.400000 2.600000 0.100000 -0.046276
9.800000 2.600000 0.100000 -0.042303
-9.800000 3.000000 0.100000 -0.036093
-9.400000 3.000000 0.100000 -0.039777
-9.000000 3.000000 0.100000 -0.043930
-8.600000 3.000000 0.100000 -0.048620
-8.200000 3.000000 0.100000 -0.053924
-7.800000 3.000000 0.100000 -0.059931
-7.400000 3.000000 0.100000 -0.066744
-7.000000 3.000000 0.100000 -0.074480
-6.600000 3.000000 0.100000 -0.083273
-6.200000 3.000000 0.100000 -0.093276
-5.800000 3.000000 0.100000 -0.104667
-5.400000 3.000000 0.100000 -0.117647
-5.000000 3.000000 0.100000 -0.132441
-4.600000 3.000000 0.100000 -0.149294
-4.200000 3.000000 0.100000 -0.168450
-3.800000 3.000000 0.100000 -0.190105
-3.400000 3.000000 0.100000 -0.214311
-3.000000 3.000000 0.100000 -0.240793
-2.600000 3.000000 0.100000 -0.268617
-2.200000 3.000000 0.100000 -0.295617
-1.800000 3.000000 0.100000 -0.317413
-1.400000 3.000000 0.100000 -0.325750
-1.000000 3.000000 0.100000 -0.305726
-0.600000 3.000000 0.100000 -0.231512
-0.200000 3.000000 0.100000 -0.061071
0.200000 3.000000 0.100000 0.265978
0.600000 3.000000 0.100000 0.814554
1.000000 3.000000 0.100000 1.602019
1.400000 3.000000 0.100000 2.504442
1.800000 3.000000 0.100000 3.210975
2.200000 3.000000 0.100000 3.386747
2.600000 3.000000 0.100000 2.969035
3.000000 3.000000 0.100000 2.217297
3.400000 3.000000 0.100000 1.454206
3.800000 3.000000 0.100000 0.856751
4.200000 3.000000 0.100000 0.453750
4.600000 3.000000 0.100000 0.205745
5.000000 3.000000 0.100000 0.062361
5.400000 3.000000 0.100000 -0.016223
5.800000 3.000000 0.100000 -0.056571
6.200000 3.000000 0.100000 -0.075045
6.600000 3.000000 0.100000 -0.081328
7.000000 3.000000 0.100000 -0.081029
7.400000 3.000000 0.100000 -0.077353
7.800000 3.000000 0.100000 -0.072113
8.200000 3.000000 0.100000 -0.066315
8.600000 3.000000 0.100000 -0.060507
9.000000 3.000000 0.100000 -0.054969
9.400000 3.000000 0.100000 -0.049835
9.800000 3.000000 0.100000 -0.045152
-9.800000 3.400000 0.100000 -0.034338
-9.400000 3.400000 0.100000 -0.037730
-9.000000 3.400000 0.100000 -0.041538
-8.600000 3.400000 0.100000 -0.045819
-8.200000 3.400000 0.100000 -0.050642
-7.800000 3.400000 0.100000 -0.056082
-7.400000 3.400000 0.100000 -0.062228
-7.000000 3.400000 0.100000 -0.069184
-6.600000 3.400000 0.100000 -0.077070
-6.200000 3.400000 0.100000 -0.086027
-5.800000 3.400000 0.100000 -0.096220
-5.400000 3.400000 0.100000 -0.107844
-5.000000 3.400000 0.100000 -0.121121
-4.600000 3.400000 0.100000 -0.136306
-4.200000 3.400000 0.100000 -0.153669
-3.800000 3.400000 0.100000 -0.173470
-3.400000 3.400000 0.100000 -0.195894
-3.000000 3.400000 0.100000 -0.220928
-2.600000 3.400000 0.100000 -0.248139
-2.200000 3.400000 0.100000 -0.276249
-1.800000 3.400000 0.100000 -0.302352
-1.400000 3.400000 0.100000 -0.320405
-1.000000 3.400000 0.100000 -0.318405
-0.600000 3.400000 0.100000 -0.273399
-0.200000 3.400000 0.100000 -0.143990
0.200000 3.400000 0.100000 0.136691
0.600000 3.400000 0.100000 0.653965
1.000000 3.400000 0.100000 1.458589
1.400000 3.400000 0.100000 2.443599
1.800000 3.400000 0.100000 3.249058
2.200000 3.400000 0.100000 3.446401
2.600000 3.400000 0.100000 2.952215
3.000000 3.400000 0.100000 2.102870
3.400000 3.400000 0.100000 1.287761
3.800000 3.400000 0.100000 0.688918
4.200000 3.400000 0.100000 0.311389
4.600000 3.400000 0.100000 0.095328
5.000000 3.400000 0.100000 -0.019475
5.400000 3.400000 0.100000 -0.075639
5.800000 3.400000 0.100000 -0.099436
6.200000 3.400000 0.100000 -0.106029
6.600000 3.400000 0.100000 -0.103873
7.000000 3.400000 0.100000 -0.097584
7.400000 3.400000 0.100000 -0.089637
7.800000 3.400000 0.100000 -0.081328
8.200000 3.400000 0.100000 -0.073305
8.600000 3.400000 0.100000 -0.065867
9.000000 3.400000 0.100000 -0.059122
9.400000 3.400000 0.100000 -0.053085
9.800000 3.400000 0.100000 -0.047721
-9.800000 3.800000 0.100000 -0.032603
-9.400000 3.800000 0.100000 -0.035725
-9.000000 3.800000 0.100000 -0.039219
-8.600000 3.800000 0.100000 -0.043135
-8.200000 3.800000 0.100000 -0.047532
-7.800000 3.800000 0.100000 -0.052480
-7.400000 3.800000 0.100000 -0.058060
-7.000000 3.800000 0.100000 -0.064367
-6.600000 3.800000 0.100000 -0.071515
-6.200000 3.800000 0.100000 -0.079641
-5.800000 3.800000 0.100000 -0.088908
-5.400000 3.800000 0.100000 -0.099518
-5.000000 3.800000 0.100000 -0.111709
-4.600000 3.800000 0.100000 -0.125768
-4.200000 3.800000 0.100000 -0.142031
-3.800000 3.800000 0.100000 -0.160874
-3.400000 3.800000 0.100000 -0.182696
-3.000000 3.800000 0.100000 -0.207865
-2.600000 3.800000 0.100000 -0.236603
-2.200000 3.800000 0.100000 -0.268734
-1.800000 3.800000 0.100000 -0.303149
-1.400000 3.800000 0.100000 -0.336656
-1.000000 3.800000 0.100000 -0.361631
-0.600000 3.800000 0.100000 -0.361534
-0.200000 3.800000 0.100000 -0.303401
0.200000 3.800000 0.100000 -0.128805
0.600000 3.800000 0.100000 0.245851
1.000000 3.800000 0.100000 0.888050
1.400000 3.800000 0.100000 1.731261
1.800000 3.800000 0.100000 2.458527
2.200000 3.800000 0.100000 2.656463
2.600000 3.800000 0.100000 2.233894
3.000000 3.800000 0.100000 1.508341
3.400000 3.800000 0.100000 0.836372
3.800000 3.800000 0.100000 0.367651
4.200000 3.800000 0.100000 0.091471
4.600000 3.800000 0.100000 -0.052577
5.000000 3.800000 0.100000 -0.118656
5.400000 3.800000 0.100000 -0.142560
5.800000 3.800000 0.100000 -0.145107
6.200000 3.800000 0.100000 -0.137638
6.600000 3.800000 0.100000 -0.126082
7.000000 3.800000 0.100000 -0.113428
7.400000 3.800000 0.100000 -0.101112
7.800000 3.800000 0.100000 -0.089759
8.200000 3.800000 0.100000 -0.079584
8.600000 3.800000 0.100000 -0.070604
9.000000 3.800000 0.100000 -0.062740
9.400000 3.800000 0.100000 -0.055879
9.800000 3.800000 0.100000 -0.049902
-9.800000 4.200000 0.100000 -0.030899
-9.400000 4.200000 0.100000 -0.033773
-9.000000 4.200000 0.100000 -0.036981
-8.600000 4.200000 0.100000 -0.040568
-8.200000 4.200000 0.100000 -0.044589
-7.800000 4.200000 0.100000 -0.049108
-7.400000 4.200000 0.100000 -0.054200
-7.000000 4.200000 0.100000 -0.059957
-6.600000 4.200000 0.100000 -0.066489
-6.200000 4.200000 0.100000 -0.073934
-5.800000 4.200000 0.100000 -0.082459
-5.400000 4.200000 0.100000 -0.092273
-5.000000 4.200000 0.100000 -0.103637
-4.600000 4.200000 0.100000 -0.116876
-4.200000 4.200000 0.100000 -0.132393
-3.800000 4.200000 0.100000 -0.150686
-3.400000 4.200000 0.100000 -0.172365
-3.000000 4.200000 0.100000 -0.198157
-2.600000 4.200000 0.100000 -0.228887
-2.200000 4.200000 0.100000 -0.265392
-1.800000 4.200000 0.100000 -0.308248
-1.400000 4.200000 0.100000 -0.357096
-1.000000 4.200000 0.100000 -0.409112
-0.600000 4.200000 0.100000 -0.455877
-0.200000 4.200000 0.100000 -0.477770
0.200000 4.200000 0.100000 -0.436290
0.600000 4.200000 0.100000 -0.271043
1.000000 4.200000 0.100000 0.076588
1.400000 4.200000 0.100000 0.584235
1.800000 4.200000 0.100000 1.059212
2.200000 4.200000 0.100000 1.225724
2.600000 4.200000 0.100000 1.006215
3.000000 4.200000 0.100000 0.595103
3.400000 4.200000 0.100000 0.219128
3.800000 4.200000 0.100000 -0.028326
4.200000 4.200000 0.100000 -0.157489
4.600000 4.200000 0.100000 -0.209108
5.000000 4.200000 0.100000 -0.218200
5.400000 4.200000 0.100000 -0.206955
5.800000 4.200000 0.100000 -0.187581
6.200000 4.200000 0.100000 -0.166215
6.600000 4.200000 0.100000 -0.145686
7.000000 4.200000 0.100000 -0.127127
7.400000 4.200000 0.100000 -0.110851
7.800000 4.200000 0.100000 -0.096795
8.200000 4.200000 0.100000 -0.084743
8.600000 4.200000 0.100000 -0.074439
9.000000 4.200000 0.100000 -0.065628
9.400000 4.200000 0.100000 -0.058081
9.800000 4.200000 0.100000 -0.051598
-9.800000 4.600000 0.100000 -0.029233
-9.400000 4.600000 0.100000 -0.031878
-9.000000 4.600000 0.100000 -0.034825
-8.600000 4.600000 0.100000 -0.038115
-8.200000 4.600000 0.100000 -0.041799
-7.800000 4.600000 0.100000 -0.045937
-7.400000 4.600000 0.100000 -0.050601
-7.000000 4.600000 0.100000 -0.055879
-6.600000 4.600000 0.100000 -0.061881
-6.200000 4.600000 0.100000 -0.068743
-5.800000 4.600000 0.100000 -0.076636
-5.400000 4.600000 0.100000 -0.085776
-5.000000 4.600000 0.100000 -0.096438
-4.600000 4.600000 0.100000 -0.108978
-4.200000 4.600000 0.100000 -0.123848
-3.800000 4.600000 0.100000 -0.141635
-3.400000 4.600000 0.100000 -0.163100
-3.000000 4.600000 0.100000 -0.189222
-2.600000 4.600000 0.100000 -0.221252
-2.200000 4.600000 0.100000 -0.260739
-1.800000 4.600000 0.100000 -0.309479
-1.400000 4.600000 0.100000 -0.369241
-1.000000 4.600000 0.100000 -0.441014
-0.600000 4.600000 0.100000 -0.523269
-0.200000 4.600000 0.100000 -0.608586
0.200000 4.600000 0.100000 -0.678539
0.600000 4.600000 0.100000 -0.699848
1.000000 4.600000 0.100000 -0.632736
1.400000 4.600000 0.100000 -0.466928
1.800000 4.600000 0.100000 -0.268173
2.200000 4.600000 0.100000 -0.152935
2.600000 4.600000 0.100000 -0.171982
3.000000 4.600000 0.100000 -0.264548
3.400000 4.600000 0.100000 -0.346001
3.800000 4.600000 0.100000 -0.380087
4.200000 4.600000 0.100000 -0.372329
4.600000 4.600000 0.100000 -0.340691
5.000000 4.600000 0.100000 -0.299962
5.400000 4.600000 0.100000 -0.258772
5.800000 4.600000 0.100000 -0.221133
6.200000 4.600000 0.100000 -0.188409
6.600000 4.600000 0.100000 -0.160668
7.000000 4.600000 0.100000 -0.137434
7.400000 4.600000 0.100000 -0.118066
7.800000 4.600000 0.100000 -0.101927
8.200000 4.600000 0.100000 -0.088447
8.600000 4.600000 0.100000 -0.077149
9.000000 4.600000 0.100000 -0.067634
9.400000 4.600000 0.100000 -0.059583
9.800000 4.600000 0.100000 -0.052735
-9.800000 5.000000 0.100000 -0.027610
-9.400000 5.000000 0.100000 -0.030044
-9.000000 5.000000 0.100000 -0.032750
-8.600000 5.000000 0.100000 -0.035769
-8.200000 5.000000 0.100000 -0.039147
-7.800000 5.000000 0.100000 -0.042941
-7.400000 5.000000 0.100000 -0.047220
-7.000000 5.000000 0.100000 -0.052069
-6.600000 5.000000 0.100000 -0.057595
-6.200000 5.000000 0.100000 -0.063931
-5.800000 5.000000 0.100000 -0.071248
-5.400000 5.000000 0.100000 -0.079764
-5.000000 5.000000 0.100000 -0.089758
-4.600000 5.000000 0.100000 -0.101595
-4.200000 5.000000 0.100000 -0.115749
-3.800000 5.000000 0.100000 -0.132846
-3.400000 5.000000 0.100000 -0.153711
-3.000000 5.000000 0.100000 -0.179436
-2.600000 5.000000 0.100000 -0.211464
-2.200000 5.000000 0.100000 -0.251672
-1.800000 5.000000 0.100000 -0.302439
-1.400000 5.000000 0.100000 -0.366606
-1.000000 5.000000 0.100000 -0.447181
-0.600000 5.000000 0.100000 -0.546467
-0.200000 5.000000 0.100000 -0.664143
0.200000 5.000000 0.100000 -0.793913
0.600000 5.000000 0.100000 -0.919530
1.000000 5.000000 0.100000 -1.014407
1.400000 5.000000 0.100000 -1.052142
1.800000 5.000000 0.100000 -1.026914
2.200000 5.000000 0.100000 -0.960473
2.600000 5.000000 0.100000 -0.879083
3.000000 5.000000 0.100000 -0.792004
3.400000 5.000000 0.100000 -0.698694
3.800000 5.000000 0.100000 -0.601962
4.200000 5.000000 0.100000 -0.508468
4.600000 5.000000 0.100000 -0.424048
5.000000 5.000000 0.100000 -0.351543
5.400000 5.000000 0.100000 -0.291223
5.800000 5.000000 0.100000 -0.241935
6.200000 5.000000 0.100000 -0.201995
6.600000 5.000000 0.100000 -0.169698
7.000000 5.000000 0.100000 -0.143533
7.400000 5.000000 0.100000 -0.122244
7.800000 5.000000 0.100000 -0.104825
8.200000 5.000000 0.100000 -0.090480
8.600000 5.000000 0.100000 -0.078587
9.000000 5.000000 0.100000 -0.068660
9.400000 5.000000 0.100000 -0.060320
9.800000 5.000000 0.100000 -0.053266
-9.800000 5.400000 0.100000 -0.026033
-9.400000 5.400000 0.100000 -0.028269
-9.000000 5.400000 0.100000 -0.030753
-8.600000 5.400000 0.100000 -0.033521
-8.200000 5.400000 0.100000 -0.036618
-7.800000 5.400000 0.100000 -0.040095
-7.400000 5.400000 0.100000 -0.044019
-7.000000 5.400000 0.100000 -0.048472
-6.600000 5.400000 0.100000 -0.053554
-6.200000 5.400000 0.100000 -0.059394
-5.800000 5.400000 0.100000 -0.066158
-5.400000 5.400000 0.100000 -0.074054
-5.000000 5.400000 0.100000 -0.083356
-4.600000 5.400000 0.100000 -0.094418
-4.200000 5.400000 0.100000 -0.107702
-3.800000 5.400000 0.100000 -0.123821
-3.400000 5.400000 0.100000 -0.143582
-3.000000 5.400000 0.100000 -0.168057
-2.600000 5.400000 0.100000 -0.198663
-2.200000 5.400000 0.100000 -0.237258
-1.800000 5.400000 0.100000 -0.286223
-1.400000 5.400000 0.100000 -0.348497
-1.000000 5.400000 0.100000 -0.427436
-0.600000 5.400000 0.100000 -0.526283
-0.200000 5.400000 0.100000 -0.646890
0.200000 5.400000 0.100000 -0.787277
0.600000 5.400000 0.100000 -0.938087
1.000000 5.400000 0.100000 -1.079673
1.400000 5.400000 0.100000 -1.184020
1.800000 5.400000 0.100000 -1.225056
2.200000 5.400000 0.100000 -1.192654
2.600000 5.400000 0.100000 -1.097922
3.000000 5.400000 0.100000 -0.965213
3.400000 5.400000 0.100000 -0.819850
3.800000 5.400000 0.100000 -0.680496
4.200000 5.400000 0.100000 -0.557391
4.600000 5.400000 0.100000 -0.454048
5.000000 5.400000 0.100000 -0.369897
5.400000 5.400000 0.100000 -0.302496
5.800000 5.400000 0.100000 -0.248892
6.200000 5.400000 0.100000 -0.206301
6.600000 5.400000 0.100000 -0.172357
7.000000 5.400000 0.100000 -0.145157
7.400000 5.400000 0.100000 -0.123214
7.800000 5.400000 0.100000 -0.105378
8.200000 5.400000 0.100000 -0.090768
8.600000 5.400000 0.100000 -0.078706
9.000000 5.400000 0.100000 -0.068674
9.400000 5.400000 0.100000 -0.060268
9.800000 5.400000 0.100000 -0.053176
-9.800000 5.800000 0.100000 -0.024503
-9.400000 5.800000 0.100000 -0.026554
-9.000000 5.800000 0.100000 -0.028830
-8.600000 5.800000 0.100000 -0.031365
-8.200000 5.800000 0.100000 -0.034198
-7.800000 5.800000 0.100000 -0.037380
-7.400000 5.800000 0.100000 -0.040971
-7.000000 5.800000 0.100000 -0.045047
-6.600000 5.800000 0.100000 -0.049704
-6.200000 5.800000 0.100000 -0.055061
-5.800000 5.800000 0.100000 -0.061273
-5.400000 5.800000 0.100000 -0.068534
-5.000000 5.800000 0.100000 -0.077097
-4.600000 5.800000 0.100000 -0.087288
-4.200000 5.800000 0.100000 -0.099532
-3.800000 5.800000 0.100000 -0.114385
-3.400000 5.800000 0.100000 -0.132573
-3.000000 5.800000 0.100000 -0.155049
-2.600000 5.800000 0.100000 -0.183051
-2.200000 5.800000 0.100000 -0.218179
-1.800000 5.800000 0.100000 -0.262442
-1.400000 5.800000 0.100000 -0.318272
-1.000000 5.800000 0.100000 -0.388380
-0.600000 5.800000 0.100000 -0.475331
-0.200000 5.800000 0.100000 -0.580559
0.200000 5.800000 0.100000 -0.702577
0.600000 5.800000 0.100000 -0.834411
1.000000 5.800000 0.100000 -0.961314
1.400000 5.800000 0.100000 -1.061335
1.800000 5.800000 0.100000 -1.111531
2.200000 5.800000 0.100000 -1.098565
2.600000 5.800000 0.100000 -1.026250
3.000000 5.800000 0.100000 -0.913176
3.400000 5.800000 0.100000 -0.782772
3.800000 5.800000 0.100000 -0.654161
4.200000 5.800000 0.100000 -0.538616
4.600000 5.800000 0.100000 -0.440552
5.000000 5.800000 0.100000 -0.360078
5.400000 5.800000 0.100000 -0.295241
5.800000 5.800000 0.100000 -0.243438
6.200000 5.800000 0.100000 -0.202126
6.600000 5.800000 0.100000 -0.169105
7.000000 5.800000 0.100000 -0.142583
7.400000 5.800000 0.100000 -0.121146
7.800000 5.800000 0.100000 -0.103695
8.200000 5.800000 0.100000 -0.089382
8.600000 5.800000 0.100000 -0.077554
9.000000 5.800000 0.100000 -0.067708
9.400000 5.800000 0.100000 -0.059452
9.800000 5.800000 0.100000 -0.052483
-9.800000 6.200000 0.100000 -0.023021
-9.400000 6.200000 0.100000 -0.024898
-9.000000 6.200000 0.100000 -0.026979
-8.600000 6.200000 0.100000 -0.029293
-8.200000 6.200000 0.100000 -0.031878
-7.800000 6.200000 0.100000 -0.034780
-7.400000 6.200000 0.100000 -0.038053
-7.000000 6.200000 0.100000 -0.041768
-6.600000 6.200000 0.100000 -0.046011
-6.200000 6.200000 0.100000 -0.050890
-5.800000 6.200000 0.100000 -0.056545
-5.400000 6.200000 0.100000 -0.063149
-5.000000 6.200000 0.100000 -0.070926
-4.600000 6.200000 0.100000 -0.080164
-4.200000 6.200000 0.100000 -0.091228
-3.800000 6.200000 0.100000 -0.104593
-3.400000 6.200000 0.100000 -0.120866
-3.000000 6.200000 0.100000 -0.140826
-2.600000 6.200000 0.100000 -0.165460
-2.200000 6.200000 0.100000 -0.196001
-1.800000 6.200000 0.100000 -0.233939
-1.400000 6.200000 0.100000 -0.280986
-1.000000 6.200000 0.100000 -0.338919
-0.600000 6.200000 0.100000 -0.409204
-0.200000 6.200000 0.100000 -0.492270
0.200000 6.200000 0.100000 -0.586321
0.600000 6.200000 0.100000 -0.685835
1.000000 6.200000 0.100000 -0.780437
1.400000 6.200000 0.100000 -0.855561
1.800000 6.200000 0.100000 -0.896186
2.200000 6.200000 0.100000 -0.892899
2.600000 6.200000 0.100000 -0.846566
3.000000 6.200000 0.100000 -0.767862
3.400000 6.200000 0.100000 -0.672068
3.800000 6.200000 0.100000 -0.573199
4.200000 6.200000 0.100000 -0.480796
4.600000 6.200000 0.100000 -0.399670
5.000000 6.200000 0.100000 -0.331165
5.400000 6.200000 0.100000 -0.274643
5.800000 6.200000 0.100000 -0.228590
6.200000 6.200000 0.100000 -0.191266
6.600000 6.200000 0.100000 -0.161036
7.000000 6.200000 0.100000 -0.136491
7.400000 6.200000 0.100000 -0.116475
7.800000 6.200000 0.100000 -0.100059
8.200000 6.200000 0.100000 -0.086513
8.600000 6.200000 0.100000 -0.075261
9.000000 6.200000 0.100000 -0.065854
9.400000 6.200000 0.100000 -0.057938
9.800000 6.200000 0.100000 -0.051234
-9.800000 6.600000 0.100000 -0.021587
-9.400000 6.600000 0.100000 -0.023300
-9.000000 6.600000 0.100000 -0.025196
-8.600000 6.600000 0.100000 -0.027302
-8.200000 6.600000 0.100000 -0.029652
-7.800000 6.600000 0.100000 -0.032287
-7.400000 6.600000 0.100000 -0.035255
-7.000000 6.600000 0.100000 -0.038620
-6.600000 6.600000 0.100000 -0.042457
-6.200000 6.600000 0.100000 -0.046863
-5.800000 6.600000 0.100000 -0.051957
-5.400000 6.600000 0.100000 -0.057891
-5.000000 6.600000 0.100000 -0.064853
-4.600000 6.600000 0.100000 -0.073084
-4.200000 6.600000 0.100000 -0.082886
-3.800000 6.600000 0.100000 -0.094638
-3.400000 6.600000 0.100000 -0.108818
-3.000000 6.600000 0.100000 -0.126018
-2.600000 6.600000 0.100000 -0.146963
-2.200000 6.600000 0.100000 -0.172517
-1.800000 6.600000 0.100000 -0.203672
-1.400000 6.600000 0.100000 -0.241476
-1.000000 6.600000 0.100000 -0.286894
-0.600000 6.600000 0.100000 -0.340508
-0.200000 6.600000 0.100000 -0.402036
0.200000 6.600000 0.100000 -0.469647
0.600000 6.600000 0.100000 -0.539231
1.000000 6.600000 0.100000 -0.604022
1.400000 6.600000 0.100000 -0.655235
1.800000 6.600000 0.100000 -0.684148
2.200000 6.600000 0.100000 -0.685150
2.600000 6.600000 0.100000 -0.658100
3.000000 6.600000 0.100000 -0.608381
3.400000 6.600000 0.100000 -0.544605
3.800000 6.600000 0.100000 -0.475561
4.200000 6.600000 0.100000 -0.408087
4.600000 6.600000 0.100000 -0.346381
5.000000 6.600000 0.100000 -0.292354
5.400000 6.600000 0.100000 -0.246351
5.800000 6.600000 0.100000 -0.207842
6.200000 6.600000 0.100000 -0.175911
6.600000 6.600000 0.100000 -0.149544
7.000000 6.600000 0.100000 -0.127785
7.400000 6.600000 0.100000 -0.109795
7.800000 6.600000 0.100000 -0.094870
8.200000 6.600000 0.100000 -0.082433
8.600000 6.600000 0.100000 -0.072017
9.000000 6.600000 0.100000 -0.063246
9.400000 6.600000 0.100000 -0.055820
9.800000 6.600000 0.100000 -0.049499
-9.800000 7.000000 0.100000 -0.020202
-9.400000 7.000000 0.100000 -0.021761
-9.000000 7.000000 0.100000 -0.023482
-8.600000 7.000000 0.100000 -0.025391
-8.200000 7.000000 0.100000 -0.027517
-7.800000 7.000000 0.100000 -0.029896
-7.400000 7.000000 0.100000 -0.032571
-7.000000 7.000000 0.100000 -0.035597
-6.600000 7.000000 0.100000 -0.039039
-6.200000 7.000000 0.100000 -0.042979
-5.800000 7.000000 0.100000 -0.047518
-5.400000 7.000000 0.100000 -0.052781
-5.000000 7.000000 0.100000 -0.058923
-4.600000 7.000000 0.100000 -0.066135
-4.200000 7.000000 0.100000 -0.074654
-3.800000 7.000000 0.100000 -0.084770
-3.400000 7.000000 0.100000 -0.096835
-3.000000 7.000000 0.100000 -0.111272
-2.600000 7.000000 0.100000 -0.128574
-2.200000 7.000000 0.100000 -0.149297
-1.800000 7.000000 0.100000 -0.174035
-1.400000 7.000000 0.100000 -0.203346
-1.000000 7.000000 0.100000 -0.237641
-0.600000 7.000000 0.100000 -0.276980
-0.200000 7.000000 0.100000 -0.320791
0.200000 7.000000 0.100000 -0.367519
0.600000 7.000000 0.100000 -0.414330
1.000000 7.000000 0.100000 -0.457062
1.400000 7.000000 0.100000 -0.490686
1.800000 7.000000 0.100000 -0.510389
2.200000 7.000000 0.100000 -0.513010
2.600000 7.000000 0.100000 -0.498154
3.000000 7.000000 0.100000 -0.468336
3.400000 7.000000 0.100000 -0.428057
3.800000 7.000000 0.100000 -0.382379
4.200000 7.000000 0.100000 -0.335720
4.600000 7.000000 0.100000 -0.291236
5.000000 7.000000 0.100000 -0.250770
5.400000 7.000000 0.100000 -0.215113
5.800000 7.000000 0.100000 -0.184348
6.200000 7.000000 0.100000 -0.158156
6.600000 7.000000 0.100000 -0.136030
7.000000 7.000000 0.100000 -0.117409
7.400000 7.000000 0.100000 -0.101753
7.800000 7.000000 0.100000 -0.088574
8.200000 7.000000 0.100000 -0.077455
8.600000 7.000000 0.100000 -0.068042
9.000000 7.000000 0.100000 -0.060043
9.400000 7.000000 0.100000 -0.053215
9.800000 7.000000 0.100000 -0.047362
-9.800000 7.400000 0.100000 -0.018869
-9.400000 7.400000 0.100000 -0.020280
-9.000000 7.400000 0.100000 -0.021836
-8.600000 7.400000 0.100000 -0.023558
-8.200000 7.400000 0.100000 -0.025471
-7.800000 7.400000 0.100000 -0.027606
-7.400000 7.400000 0.100000 -0.030001
-7.000000 7.400000 0.100000 -0.032701
-6.600000 7.400000 0.100000 -0.035761
-6.200000 7.400000 0.100000 -0.039249
-5.800000 7.400000 0.100000 -0.043248
-5.400000 7.400000 0.100000 -0.047856
-5.000000 7.400000 0.100000 -0.053197
-4.600000 7.400000 0.100000 -0.059416
-4.200000 7.400000 0.100000 -0.066692
-3.800000 7.400000 0.100000 -0.075233
-3.400000 7.400000 0.100000 -0.085286
-3.000000 7.400000 0.100000 -0.097134
-2.600000 7.400000 0.100000 -0.111089
-2.200000 7.400000 0.100000 -0.127480
-1.800000 7.400000 0.100000 -0.146621
-1.400000 7.400000 0.100000 -0.168760
-1.000000 7.400000 0.100000 -0.193994
-0.600000 7.400000 0.100000 -0.222152
-0.200000 7.400000 0.100000 -0.252641
0.200000 7.400000 0.100000 -0.284297
0.600000 7.400000 0.100000 -0.315280
1.000000 7.400000 0.100000 -0.343125
1.400000 7.400000 0.100000 -0.365024
1.800000 7.400000 0.100000 -0.378363
2.200000 7.400000 0.100000 -0.381379
2.600000 7.400000 0.100000 -0.373679
3.000000 7.400000 0.100000 -0.356361
3.400000 7.400000 0.100000 -0.331675
3.800000 7.400000 0.100000 -0.302392
4.200000 7.400000 0.100000 -0.271185
4.600000 7.400000 0.100000 -0.240210
5.000000 7.400000 0.100000 -0.210950
5.400000 7.400000 0.100000 -0.184260
5.800000 7.400000 0.100000 -0.160502
6.200000 7.400000 0.100000 -0.139706
6.600000 7.400000 0.100000 -0.121701
7.000000 7.400000 0.100000 -0.106219
7.400000 7.400000 0.100000 -0.092954
7.800000 7.400000 0.100000 -0.081605
8.200000 7.400000 0.100000 -0.071891
8.600000 7.400000 0.100000 -0.063564
9.000000 7.400000 0.100000 -0.056411
9.400000 7.400000 0.100000 -0.050246
9.800000 7.400000 0.100000 -0.044918
-9.800000 7.800000 0.100000 -0.017587
-9.400000 7.800000 0.100000 -0.018860
-9.000000 7.800000 0.100000 -0.020259
-8.600000 7.800000 0.100000 -0.021804
-8.200000 7.800000 0.100000 -0.023515
-7.800000 7.800000 0.100000 -0.025420
-7.400000 7.800000 0.100000 -0.027548
-7.000000 7.800000 0.100000 -0.029937
-6.600000 7.800000 0.100000 -0.032634
-6.200000 7.800000 0.100000 -0.035691
-5.800000 7.800000 0.100000 -0.039173
-5.400000 7.800000 0.100000 -0.043159
-5.000000 7.800000 0.100000 -0.047740
-4.600000 7.800000 0.100000 -0.053024
-4.200000 7.800000 0.100000 -0.059138
-3.800000 7.800000 0.100000 -0.066228
-3.400000 7.800000 0.100000 -0.074454
-3.000000 7.800000 0.100000 -0.083996
-2.600000 7.800000 0.100000 -0.095036
-2.200000 7.800000 0.100000 -0.107748
-1.800000 7.800000 0.100000 -0.122276
-1.400000 7.800000 0.100000 -0.138690
-1.000000 7.800000 0.100000 -0.156944
-0.600000 7.800000 0.100000 -0.176805
-0.200000 7.800000 0.100000 -0.197782
0.200000 7.800000 0.100000 -0.219069
0.600000 7.800000 0.100000 -0.239523
1.000000 7.800000 0.100000 -0.257715
1.400000 7.800000 0.100000 -0.272090
1.800000 7.800000 0.100000 -0.281223
2.200000 7.800000 0.100000 -0.284118
2.600000 7.800000 0.100000 -0.280451
3.000000 7.800000 0.100000 -0.270660
3.400000 7.800000 0.100000 -0.255825
3.800000 7.800000 0.100000 -0.237415
4.200000 7.800000 0.100000 -0.216978
4.600000 7.800000 0.100000 -0.195896
5.000000 7.800000 0.100000 -0.175247
5.400000 7.800000 0.100000 -0.155764
5.800000 7.800000 0.100000 -0.137876
6.200000 7.800000 0.100000 -0.121773
6.600000 7.800000 0.100000 -0.107476
7.000000 7.800000 0.100000 -0.094903
7.400000 7.800000 0.100000 -0.083914
7.800000 7.800000 0.100000 -0.074345
8.200000 7.800000 0.100000 -0.066027
8.600000 7.800000 0.100000 -0.058798
9.000000 7.800000 0.100000 -0.052511
9.400000 7.800000 0.100000 -0.047036
9.800000 7.800000 0.100000 -0.042258
-9.800000 8.200000 0.100000 -0.016358
-9.400000 8.200000 0.100000 -0.017501
-9.000000 8.200000 0.100000 -0.018753
-8.600000 8.200000 0.100000 -0.020131
-8.200000 8.200000 0.100000 -0.021653
-7.800000 8.200000 0.100000 -0.023339
-7.400000 8.200000 0.100000 -0.025216
-7.000000 8.200000 0.100000 -0.027314
-6.600000 8.200000 0.100000 -0.029667
-6.200000 8.200000 0.100000 -0.032320
-5.800000 8.200000 0.100000 -0.035320
-5.400000 8.200000 0.100000 -0.038727
-5.000000 8.200000 0.100000 -0.042607
-4.600000 8.200000 0.100000 -0.047036
-4.200000 8.200000 0.100000 -0.052102
-3.800000 8.200000 0.100000 -0.057898
-3.400000 8.200000 0.100000 -0.064528
-3.000000 8.200000 0.100000 -0.072093
-2.600000 8.200000 0.100000 -0.080691
-2.200000 8.200000 0.100000 -0.090403
-1.800000 8.200000 0.100000 -0.101274
-1.400000 8.200000 0.100000 -0.113293
-1.000000 8.200000 0.100000 -0.126362
-0.600000 8.200000 0.100000 -0.140267
-0.200000 8.200000 0.100000 -0.154648
0.200000 8.200000 0.100000 -0.168975
0.600000 8.200000 0.100000 -0.182558
1.000000 8.200000 0.100000 -0.194578
1.400000 8.200000 0.100000 -0.204171
1.800000 8.200000 0.100000 -0.210549
2.200000 8.200000 0.100000 -0.213135
2.600000 8.200000 0.100000 -0.211682
3.000000 8.200000 0.100000 -0.206327
3.400000 8.200000 0.100000 -0.197569
3.800000 8.200000 0.100000 -0.186160
4.200000 8.200000 0.100000 -0.172969
4.600000 8.200000 0.100000 -0.158845
5.000000 8.200000 0.100000 -0.144520
5.400000 8.200000 0.100000 -0.130557
5.800000 8.200000 0.100000 -0.117344
6.200000 8.200000 0.100000 -0.105115
6.600000 8.200000 0.100000 -0.093981
7.000000 8.200000 0.100000 -0.083964
7.400000 8.200000 0.100000 -0.075029
7.800000 8.200000 0.100000 -0.067104
8.200000 8.200000 0.100000 -0.060102
8.600000 8.200000 0.100000 -0.053928
9.000000 8.200000 0.100000 -0.048489
9.400000 8.200000 0.100000 -0.043696
9.800000 8.200000 0.100000 -0.039470
-9.800000 8.600000 0.100000 -0.015184
-9.400000 8.600000 0.100000 -0.016204
-9.000000 8.600000 0.100000 -0.017319
-8.600000 8.600000 0.100000 -0.018541
-8.200000 8.600000 0.100000 -0.019885
-7.800000 8.600000 0.100000 -0.021369
-7.400000 8.600000 0.100000 -0.023011
-7.000000 8.600000 0.100000 -0.024837
-6.600000 8.600000 0.100000 -0.026874
-6.200000 8.600000 0.100000 -0.029153
-5.800000 8.600000 0.100000 -0.031711
-5.400000 8.600000 0.100000 -0.034590
-5.000000 8.600000 0.100000 -0.037838
-4.600000 8.600000 0.100000 -0.041505
-4.200000 8.600000 0.100000 -0.045649
-3.800000 8.600000 0.100000 -0.050328
-3.400000 8.600000 0.100000 -0.055600
-3.000000 8.600000 0.100000 -0.061522
-2.600000 8.600000 0.100000 -0.068137
-2.200000 8.600000 0.100000 -0.075473
-1.800000 8.600000 0.100000 -0.083528
-1.400000 8.600000 0.100000 -0.092257
-1.000000 8.600000 0.100000 -0.101564
-0.600000 8.600000 0.100000 -0.111279
-0.200000 8.600000 0.100000 -0.121155
0.200000 8.600000 0.100000 -0.130858
0.600000 8.600000 0.100000 -0.139979
1.000000 8.600000 0.100000 -0.148051
1.400000 8.600000 0.100000 -0.154590
1.800000 8.600000 0.100000 -0.159150
2.200000 8.600000 0.100000 -0.161386
2.600000 8.600000 0.100000 -0.161114
3.000000 8.600000 0.100000 -0.158345
3.400000 8.600000 0.100000 -0.153290
3.800000 8.600000 0.100000 -0.146321
4.200000 8.600000 0.100000 -0.137910
4.600000 8.600000 0.100000 -0.128563
5.000000 8.600000 0.100000 -0.118754
5.400000 8.600000 0.100000 -0.108885
5.800000 8.600000 0.100000 -0.099268
6.200000 8.600000 0.100000 -0.090122
6.600000 8.600000 0.100000 -0.081586
7.000000 8.600000 0.100000 -0.073730
7.400000 8.600000 0.100000 -0.066577
7.800000 8.600000 0.100000 -0.060113
8.200000 8.600000 0.100000 -0.054306
8.600000 8.600000 0.100000 -0.049107
9.000000 8.600000 0.100000 -0.044464
9.400000 8.600000 0.100000 -0.040323
9.800000 8.600000 0.100000 -0.036632
-9.800000 9.000000 0.100000 -0.014065
-9.400000 9.000000 0.100000 -0.014972
-9.000000 9.000000 0.100000 -0.015959
-8.600000 9.000000 0.100000 -0.017036
-8.200000 9.000000 0.100000 -0.018216
-7.800000 9.000000 0.100000 -0.019511
-7.400000 9.000000 0.100000 -0.020938
-7.000000 9.000000 0.100000 -0.022514
-6.600000 9.000000 0.100000 -0.024260
-6.200000 9.000000 0.100000 -0.026200
-5.800000 9.000000 0.100000 -0.028360
-5.400000 9.000000 0.100000 -0.030769
-5.000000 9.000000 0.100000 -0.033458
-4.600000 9.000000 0.100000 -0.036461
-4.200000 9.000000 0.100000 -0.039813
-3.800000 9.000000 0.100000 -0.043547
-3.400000 9.000000 0.100000 -0.047695
-3.000000 9.000000 0.100000 -0.052281
-2.600000 9.000000 0.100000 -0.057322
-2.200000 9.000000 0.100000 -0.062816
-1.800000 9.000000 0.100000 -0.068744
-1.400000 9.000000 0.100000 -0.075056
-1.000000 9.000000 0.100000 -0.081672
-0.600000 9.000000 0.100000 -0.088470
-0.200000 9.000000 0.100000 -0.095289
0.200000 9.000000 0.100000 -0.101926
0.600000 9.000000 0.100000 -0.108140
1.000000 9.000000 0.100000 -0.113665
1.400000 9.000000 0.100000 -0.118226
1.800000 9.000000 0.100000 -0.121565
2.200000 9.000000 0.100000 -0.123470
2.600000 9.000000 0.100000 -0.123803
3.000000 9.000000 0.100000 -0.122528
3.400000 9.000000 0.100000 -0.119716
3.800000 9.000000 0.100000 -0.115541
4.200000 9.000000 0.100000 -0.110250
4.600000 9.000000 0.100000 -0.104136
5.000000 9.000000 0.100000 -0.097494
5.400000 9.000000 0.100000 -0.090598
5.800000 9.000000 0.100000 -0.083682
6.200000 9.000000 0.100000 -0.076927
6.600000 9.000000 0.100000 -0.070466
7.000000 9.000000 0.100000 -0.064385
7.400000 9.000000 0.100000 -0.058732
7.800000 9.000000 0.100000 -0.053529
8.200000 9.000000 0.100000 -0.048773
8.600000 9.000000 0.100000 -0.044449
9.000000 9.000000 0.100000 -0.040534
9.400000 9.000000 0.100000 -0.036998
9.800000 9.000000 0.100000 -0.033810
-9.800000 9.400000 0.100000 -0.013003
-9.400000 9.400000 0.100000 -0.013804
-9.000000 9.400000 0.100000 -0.014673
-8.600000 9.400000 0.100000 -0.015617
-8.200000 9.400000 0.100000 -0.016645
-7.800000 9.400000 0.100000 -0.017768
-7.400000 9.400000 0.100000 -0.018998
-7.000000 9.400000 0.100000 -0.020348
-6.600000 9.400000 0.100000 -0.021833
-6.200000 9.400000 0.100000 -0.023470
-5.800000 9.400000 0.100000 -0.025276
-5.400000 9.400000 0.100000 -0.027272
-5.000000 9.400000 0.100000 -0.029476
-4.600000 9.400000 0.100000 -0.031911
-4.200000 9.400000 0.100000 -0.034594
-3.800000 9.400000 0.100000 -0.037546
-3.400000 9.400000 0.100000 -0.040778
-3.000000 9.400000 0.100000 -0.044300
-2.600000 9.400000 0.100000 -0.048112
-2.200000 9.400000 0.100000 -0.052202
-1.800000 9.400000 0.100000 -0.056546
-1.400000 9.400000 0.100000 -0.061101
-1.000000 9.400000 0.100000 -0.065808
-0.600000 9.400000 0.100000 -0.070585
-0.200000 9.400000 0.100000 -0.075331
0.200000 9.400000 0.100000 -0.079925
0.600000 9.400000 0.100000 -0.084228
1.000000 9.400000 0.100000 -0.088089
1.400000 9.400000 0.100000 -0.091348
1.800000 9.400000 0.100000 -0.093851
2.200000 9.400000 0.100000 -0.095463
2.600000 9.400000 0.100000 -0.096083
3.000000 9.400000 0.100000 -0.095659
3.400000 9.400000 0.100000 -0.094200
3.800000 9.400000 0.100000 -0.091776
4.200000 9.400000 0.100000 -0.088511
4.600000 9.400000 0.100000 -0.084565
5.000000 9.400000 0.100000 -0.080119
5.400000 9.400000 0.100000 -0.075353
5.800000 9.400000 0.100000 -0.070432
6.200000 9.400000 0.100000 -0.065497
6.600000 9.400000 0.100000 -0.060660
7.000000 9.400000 0.100000 -0.056004
7.400000 9.400000 0.100000 -0.051588
7.800000 9.400000 0.100000 -0.047445
8.200000 9.400000 0.100000 -0.043593
8.600000 9.400000 0.100000 -0.040037
9.000000 9.400000 0.100000 -0.036771
9.400000 9.400000 0.100000 -0.033782
9.800000 9.400000 0.100000 -0.031055
-9.800000 9.800000 0.100000 -0.011998
-9.400000 9.800000 0.100000 -0.012702
-9.000000 9.800000 0.100000 -0.013462
-8.600000 9.800000 0.100000 -0.014284
-8.200000 9.800000 0.100000 -0.015174
-7.800000 9.800000 0.100000 -0.016141
-7.400000 9.800000 0.100000 -0.017193
-7.000000 9.800000 0.100000 -0.018340
-6.600000 9.800000 0.100000 -0.019593
-6.200000 9.800000 0.100000 -0.020962
-5.800000 9.800000 0.100000 -0.022459
-5.400000 9.800000 0.100000 -0.024097
-5.000000 9.800000 0.100000 -0.025888
-4.600000 9.800000 0.100000 -0.027844
-4.200000 9.800000 0.100000 -0.029973
-3.800000 9.800000 0.100000 -0.032286
-3.400000 9.800000 0.100000 -0.034785
-3.000000 9.800000 0.100000 -0.037470
-2.600000 9.800000 0.100000 -0.040335
-2.200000 9.800000 0.100000 -0.043366
-1.800000 9.800000 0.100000 -0.046541
-1.400000 9.800000 0.100000 -0.049828
-1.000000 9.800000 0.100000 -0.053186
-0.600000 9.800000 0.100000 -0.056563
-0.200000 9.800000 0.100000 -0.059899
0.200000 9.800000 0.100000 -0.063123
0.600000 9.800000 0.100000 -0.066156
1.000000 9.800000 0.100000 -0.068910
1.400000 9.800000 0.100000 -0.071294
1.800000 9.800000 0.100000 -0.073212
2.200000 9.800000 0.100000 -0.074576
2.600000 9.800000 0.100000 -0.075308
3.000000 9.800000 0.100000 -0.075360
3.400000 9.800000 0.100000 -0.074711
3.800000 9.800000 0.100000 -0.073380
4.200000 9.800000 0.100000 -0.071424
4.600000 9.800000 0.100000 -0.068926
5.000000 9.800000 0.100000 -0.065992
5.400000 9.800000 0.100000 -0.062737
5.800000 9.800000 0.100000 -0.059272
6.200000 9.800000 0.100000 -0.055703
6.600000 9.800000 0.100000 -0.052118
7.000000 9.800000 0.100000 -0.048590
7.400000 9.800000 0.100000 -0.045173
7.800000 9.800000 0.100000 -0.041907
8.200000 9.800000 0.100000 -0.038819
8.600000 9.800000 0.100000 -0.035922
9.000000 9.800000 0.100000 -0.033222
9.400000 9.800000 0.100000 -0.030720
9.800000 9.800000 0.100000 -0.028409
