-9.800000 -9.800000 0.100000 -0.010388
-9.400000 -9.800000 0.100000 -0.009090
-9.000000 -9.800000 0.100000 -0.007488
-8.600000 -9.800000 0.100000 -0.005541
-8.200000 -9.800000 0.100000 -0.003208
-7.800000 -9.800000 0.100000 -0.000450
-7.400000 -9.800000 0.100000 0.002776
-7.000000 -9.800000 0.100000 0.006505
-6.600000 -9.800000 0.100000 0.010768
-6.200000 -9.800000 0.100000 0.015588
-5.800000 -9.800000 0.100000 0.020974
-5.400000 -9.800000 0.100000 0.026918
-5.000000 -9.800000 0.100000 0.033396
-4.600000 -9.800000 0.100000 0.040356
-4.200000 -9.800000 0.100000 0.047725
-3.800000 -9.800000 0.100000 0.055400
-3.400000 -9.800000 0.100000 0.063252
-3.000000 -9.800000 0.100000 0.071130
-2.600000 -9.800000 0.100000 0.078860
-2.200000 -9.800000 0.100000 0.086258
-1.800000 -9.800000 0.100000 0.093132
-1.400000 -9.800000 0.100000 0.099298
-1.000000 -9.800000 0.100000 0.104582
-0.600000 -9.800000 0.100000 0.108834
-0.200000 -9.800000 0.100000 0.111934
0.200000 -9.800000 0.100000 0.113799
0.600000 -9.800000 0.100000 0.114389
1.000000 -9.800000 0.100000 0.113704
1.400000 -9.800000 0.100000 0.111789
1.800000 -9.800000 0.100000 0.108726
2.200000 -9.800000 0.100000 0.104634
2.600000 -9.800000 0.100000 0.099658
3.000000 -9.800000 0.100000 0.093962
3.400000 -9.800000 0.100000 0.087719
3.800000 -9.800000 0.100000 0.081105
4.200000 -9.800000 0.100000 0.074285
4.600000 -9.800000 0.100000 0.067415
5.000000 -9.800000 0.100000 0.060627
5.400000 -9.800000 0.100000 0.054037
5.800000 -9.800000 0.100000 0.047732
6.200000 -9.800000 0.100000 0.041780
6.600000 -9.800000 0.100000 0.036228
7.000000 -9.800000 0.100000 0.031102
7.400000 -9.800000 0.100000 0.026415
7.800000 -9.800000 0.100000 0.022164
8.200000 -9.800000 0.100000 0.018339
8.600000 -9.800000 0.100000 0.014922
9.000000 -9.800000 0.100000 0.011888
9.400000 -9.800000 0.100000 0.009210
9.800000 -9.800000 0.100000 0.006861
-9.800000 -9.400000 0.100000 -0.012274
-9.400000 -9.400000 0.100000 -0.010980
-9.000000 -9.400000 0.100000 -0.009347
-8.600000 -9.400000 0.100000 -0.007327
-8.200000 -9.400000 0.100000 -0.004868
-7.800000 -9.400000 0.100000 -0.001915
-7.400000 -9.400000 0.100000 0.001583
-7.000000 -9.400000 0.100000 0.005679
-6.600000 -9.400000 0.100000 0.010418
-6.200000 -9.400000 0.100000 0.015835
-5.800000 -9.400000 0.100000 0.021953
-5.400000 -9.400000 0.100000 0.028775
-5.000000 -9.400000 0.100000 0.036280
-4.600000 -9.400000 0.100000 0.044416
-4.200000 -9.400000 0.100000 0.053102
-3.800000 -9.400000 0.100000 0.062216
-3.400000 -9.400000 0.100000 0.071603
-3.000000 -9.400000 0.100000 0.081075
-2.600000 -9.400000 0.100000 0.090415
-2.200000 -9.400000 0.100000 0.099387
-1.800000 -9.400000 0.100000 0.107746
-1.400000 -9.400000 0.100000 0.115253
-1.000000 -9.400000 0.100000 0.121682
-0.600000 -9.400000 0.100000 0.126841
-0.200000 -9.400000 0.100000 0.130573
0.200000 -9.400000 0.100000 0.132773
0.600000 -9.400000 0.100000 0.133388
1.000000 -9.400000 0.100000 0.132423
1.400000 -9.400000 0.100000 0.129936
1.800000 -9.400000 0.100000 0.126040
2.200000 -9.400000 0.100000 0.120891
2.600000 -9.400000 0.100000 0.114680
3.000000 -9.400000 0.100000 0.107621
3.400000 -9.400000 0.100000 0.099939
3.800000 -9.400000 0.100000 0.091858
4.200000 -9.400000 0.100000 0.083590
4.600000 -9.400000 0.100000 0.075326
5.000000 -9.400000 0.100000 0.067231
5.400000 -9.400000 0.100000 0.059437
5.800000 -9.400000 0.100000 0.052048
6.200000 -9.400000 0.100000 0.045137
6.600000 -9.400000 0.100000 0.038748
7.000000 -9.400000 0.100000 0.032906
7.400000 -9.400000 0.100000 0.027614
7.800000 -9.400000 0.100000 0.022861
8.200000 -9.400000 0.100000 0.018625
8.600000 -9.400000 0.100000 0.014875
9.000000 -9.400000 0.100000 0.011579
9.400000 -9.400000 0.100000 0.008697
9.800000 -9.400000 0.100000 0.006193
-9.800000 -9.000000 0.100000 -0.014421
-9.400000 -9.000000 0.100000 -0.013155
-9.000000 -9.000000 0.100000 -0.011516
-8.600000 -9.000000 0.100000 -0.009443
-8.200000 -9.000000 0.100000 -0.006871
-7.800000 -9.000000 0.100000 -0.003732
-7.400000 -9.000000 0.100000 0.000045
-7.000000 -9.000000 0.100000 0.004529
-6.600000 -9.000000 0.100000 0.009785
-6.200000 -9.000000 0.100000 0.015869
-5.800000 -9.000000 0.100000 0.022822
-5.400000 -9.000000 0.100000 0.030662
-5.000000 -9.000000 0.100000 0.039378
-4.600000 -9.000000 0.100000 0.048922
-4.200000 -9.000000 0.100000 0.059202
-3.800000 -9.000000 0.100000 0.070080
-3.400000 -9.000000 0.100000 0.081367
-3.000000 -9.000000 0.100000 0.092829
-2.600000 -9.000000 0.100000 0.104191
-2.200000 -9.000000 0.100000 0.115150
-1.800000 -9.000000 0.100000 0.125391
-1.400000 -9.000000 0.100000 0.134599
-1.000000 -9.000000 0.100000 0.142483
-0.600000 -9.000000 0.100000 0.148790
-0.200000 -9.000000 0.100000 0.153317
0.200000 -9.000000 0.100000 0.155927
0.600000 -9.000000 0.100000 0.156554
1.000000 -9.000000 0.100000 0.155204
1.400000 -9.000000 0.100000 0.151961
1.800000 -9.000000 0.100000 0.146974
2.200000 -9.000000 0.100000 0.140451
2.600000 -9.000000 0.100000 0.132646
3.000000 -9.000000 0.100000 0.123840
3.400000 -9.000000 0.100000 0.114329
3.800000 -9.000000 0.100000 0.104401
4.200000 -9.000000 0.100000 0.094326
4.600000 -9.000000 0.100000 0.084342
5.000000 -9.000000 0.100000 0.074651
5.400000 -9.000000 0.100000 0.065408
5.800000 -9.000000 0.100000 0.056730
6.200000 -9.000000 0.100000 0.048693
6.600000 -9.000000 0.100000 0.041340
7.000000 -9.000000 0.100000 0.034684
7.400000 -9.000000 0.100000 0.028715
7.800000 -9.000000 0.100000 0.023410
8.200000 -9.000000 0.100000 0.018730
8.600000 -9.000000 0.100000 0.014630
9.000000 -9.000000 0.100000 0.011063
9.400000 -9.000000 0.100000 0.007977
9.800000 -9.000000 0.100000 0.005324
-9.800000 -8.600000 0.100000 -0.016856
-9.400000 -8.600000 0.100000 -0.015651
-9.000000 -8.600000 0.100000 -0.014036
-8.600000 -8.600000 0.100000 -0.011938
-8.200000 -8.600000 0.100000 -0.009277
-7.800000 -8.600000 0.100000 -0.005966
-7.400000 -8.600000 0.100000 -0.001914
-7.000000 -8.600000 0.100000 0.002973
-6.600000 -8.600000 0.100000 0.008787
-6.200000 -8.600000 0.100000 0.015610
-5.800000 -8.600000 0.100000 0.023510
-5.400000 -8.600000 0.100000 0.032529
-5.000000 -8.600000 0.100000 0.042674
-4.600000 -8.600000 0.100000 0.053905
-4.200000 -8.600000 0.100000 0.066126
-3.800000 -8.600000 0.100000 0.079177
-3.400000 -8.600000 0.100000 0.092831
-3.000000 -8.600000 0.100000 0.106794
-2.600000 -8.600000 0.100000 0.120716
-2.200000 -8.600000 0.100000 0.134206
-1.800000 -8.600000 0.100000 0.146850
-1.400000 -8.600000 0.100000 0.158238
-1.000000 -8.600000 0.100000 0.167985
-0.600000 -8.600000 0.100000 0.175758
-0.200000 -8.600000 0.100000 0.181292
0.200000 -8.600000 0.100000 0.184408
0.600000 -8.600000 0.100000 0.185021
1.000000 -8.600000 0.100000 0.183146
1.400000 -8.600000 0.100000 0.178894
1.800000 -8.600000 0.100000 0.172467
2.200000 -8.600000 0.100000 0.164145
2.600000 -8.600000 0.100000 0.154266
3.000000 -8.600000 0.100000 0.143207
3.400000 -8.600000 0.100000 0.131353
3.800000 -8.600000 0.100000 0.119083
4.200000 -8.600000 0.100000 0.106740
4.600000 -8.600000 0.100000 0.094624
5.000000 -8.600000 0.100000 0.082978
5.400000 -8.600000 0.100000 0.071986
5.800000 -8.600000 0.100000 0.061775
6.200000 -8.600000 0.100000 0.052421
6.600000 -8.600000 0.100000 0.043957
7.000000 -8.600000 0.100000 0.036379
7.400000 -8.600000 0.100000 0.029660
7.800000 -8.600000 0.100000 0.023753
8.200000 -8.600000 0.100000 0.018600
8.600000 -8.600000 0.100000 0.014137
9.000000 -8.600000 0.100000 0.010296
9.400000 -8.600000 0.100000 0.007012
9.800000 -8.600000 0.100000 0.004220
-9.800000 -8.200000 0.100000 -0.019609
-9.400000 -8.200000 0.100000 -0.018503
-9.000000 -8.200000 0.100000 -0.016951
-8.600000 -8.200000 0.100000 -0.014867
-8.200000 -8.200000 0.100000 -0.012152
-7.800000 -8.200000 0.100000 -0.008697
-7.400000 -8.200000 0.100000 -0.004383
-7.000000 -8.200000 0.100000 0.000913
-6.600000 -8.200000 0.100000 0.007318
-6.200000 -8.200000 0.100000 0.014952
-5.800000 -8.200000 0.100000 0.023920
-5.400000 -8.200000 0.100000 0.034302
-5.000000 -8.200000 0.100000 0.046132
-4.600000 -8.200000 0.100000 0.059391
-4.200000 -8.200000 0.100000 0.073982
-3.800000 -8.200000 0.100000 0.089726
-3.400000 -8.200000 0.100000 0.106348
-3.000000 -8.200000 0.100000 0.123480
-2.600000 -8.200000 0.100000 0.140671
-2.200000 -8.200000 0.100000 0.157412
-1.800000 -8.200000 0.100000 0.173155
-1.400000 -8.200000 0.100000 0.187358
-1.000000 -8.200000 0.100000 0.199511
-0.600000 -8.200000 0.100000 0.209172
-0.200000 -8.200000 0.100000 0.215993
0.200000 -8.200000 0.100000 0.219738
0.600000 -8.200000 0.100000 0.220299
1.000000 -8.200000 0.100000 0.217699
1.400000 -8.200000 0.100000 0.212091
1.800000 -8.200000 0.100000 0.203750
2.200000 -8.200000 0.100000 0.193053
2.600000 -8.200000 0.100000 0.180456
3.000000 -8.200000 0.100000 0.166464
3.400000 -8.200000 0.100000 0.151589
3.800000 -8.200000 0.100000 0.136328
4.200000 -8.200000 0.100000 0.121123
4.600000 -8.200000 0.100000 0.106352
5.000000 -8.200000 0.100000 0.092306
5.400000 -8.200000 0.100000 0.079199
5.800000 -8.200000 0.100000 0.067166
6.200000 -8.200000 0.100000 0.056273
6.600000 -8.200000 0.100000 0.046533
7.000000 -8.200000 0.100000 0.037919
7.400000 -8.200000 0.100000 0.030374
7.800000 -8.200000 0.100000 0.023820
8.200000 -8.200000 0.100000 0.018171
8.600000 -8.200000 0.100000 0.013337
9.000000 -8.200000 0.100000 0.009228
9.400000 -8.200000 0.100000 0.005757
9.800000 -8.200000 0.100000 0.002845
-9.800000 -7.800000 0.100000 -0.022707
-9.400000 -7.800000 0.100000 -0.021748
-9.000000 -7.800000 0.100000 -0.020311
-8.600000 -7.800000 0.100000 -0.018291
-8.200000 -7.800000 0.100000 -0.015570
-7.800000 -7.800000 0.100000 -0.012013
-7.400000 -7.800000 0.100000 -0.007467
-7.000000 -7.800000 0.100000 -0.001771
-6.600000 -7.800000 0.100000 0.005247
-6.200000 -7.800000 0.100000 0.013758
-5.800000 -7.800000 0.100000 0.023922
-5.400000 -7.800000 0.100000 0.035871
-5.000000 -7.800000 0.100000 0.049688
-4.600000 -7.800000 0.100000 0.065387
-4.200000 -7.800000 0.100000 0.082885
-3.800000 -7.800000 0.100000 0.101985
-3.400000 -7.800000 0.100000 0.122356
-3.000000 -7.800000 0.100000 0.143535
-2.600000 -7.800000 0.100000 0.164940
-2.200000 -7.800000 0.100000 0.185894
-1.800000 -7.800000 0.100000 0.205672
-1.400000 -7.800000 0.100000 0.223544
-1.000000 -7.800000 0.100000 0.238831
-0.600000 -7.800000 0.100000 0.250944
-0.200000 -7.800000 0.100000 0.259421
0.200000 -7.800000 0.100000 0.263953
0.600000 -7.800000 0.100000 0.264401
1.000000 -7.800000 0.100000 0.260799
1.400000 -7.800000 0.100000 0.253358
1.800000 -7.800000 0.100000 0.242451
2.200000 -7.800000 0.100000 0.228593
2.600000 -7.800000 0.100000 0.212401
3.000000 -7.800000 0.100000 0.194559
3.400000 -7.800000 0.100000 0.175756
3.800000 -7.800000 0.100000 0.156649
4.200000 -7.800000 0.100000 0.137812
4.600000 -7.800000 0.100000 0.119717
5.000000 -7.800000 0.100000 0.102718
5.400000 -7.800000 0.100000 0.087053
5.800000 -7.800000 0.100000 0.072855
6.200000 -7.800000 0.100000 0.060170
6.600000 -7.800000 0.100000 0.048978
7.000000 -7.800000 0.100000 0.039209
7.400000 -7.800000 0.100000 0.030763
7.800000 -7.800000 0.100000 0.023523
8.200000 -7.800000 0.100000 0.017365
8.600000 -7.800000 0.100000 0.012164
9.000000 -7.800000 0.100000 0.007801
9.400000 -7.800000 0.100000 0.004166
9.800000 -7.800000 0.100000 0.001159
-9.800000 -7.400000 0.100000 -0.026178
-9.400000 -7.400000 0.100000 -0.025423
-9.000000 -7.400000 0.100000 -0.024162
-8.600000 -7.400000 0.100000 -0.022273
-8.200000 -7.400000 0.100000 -0.019612
-7.800000 -7.400000 0.100000 -0.016014
-7.400000 -7.400000 0.100000 -0.011288
-7.000000 -7.400000 0.100000 -0.005222
-6.600000 -7.400000 0.100000 0.002412
-6.200000 -7.400000 0.100000 0.011855
-5.800000 -7.400000 0.100000 0.023341
-5.400000 -7.400000 0.100000 0.037081
-5.000000 -7.400000 0.100000 0.053233
-4.600000 -7.400000 0.100000 0.071870
-4.200000 -7.400000 0.100000 0.092944
-3.800000 -7.400000 0.100000 0.116248
-3.400000 -7.400000 0.100000 0.141391
-3.000000 -7.400000 0.100000 0.167788
-2.600000 -7.400000 0.100000 0.194674
-2.200000 -7.400000 0.100000 0.221147
-1.800000 -7.400000 0.100000 0.246227
-1.400000 -7.400000 0.100000 0.268928
-1.000000 -7.400000 0.100000 0.288333
-0.600000 -7.400000 0.100000 0.303654
-0.200000 -7.400000 0.100000 0.314280
0.200000 -7.400000 0.100000 0.319804
0.600000 -7.400000 0.100000 0.320044
1.000000 -7.400000 0.100000 0.315053
1.400000 -7.400000 0.100000 0.305117
1.800000 -7.400000 0.100000 0.290745
2.200000 -7.400000 0.100000 0.272639
2.600000 -7.400000 0.100000 0.251650
3.000000 -7.400000 0.100000 0.228708
3.400000 -7.400000 0.100000 0.204754
3.800000 -7.400000 0.100000 0.180664
4.200000 -7.400000 0.100000 0.157188
4.600000 -7.400000 0.100000 0.134919
5.000000 -7.400000 0.100000 0.114277
5.400000 -7.400000 0.100000 0.095518
5.800000 -7.400000 0.100000 0.078758
6.200000 -7.400000 0.100000 0.063999
6.600000 -7.400000 0.100000 0.051164
7.000000 -7.400000 0.100000 0.040122
7.400000 -7.400000 0.100000 0.030712
7.800000 -7.400000 0.100000 0.022760
8.200000 -7.400000 0.100000 0.016092
8.600000 -7.400000 0.100000 0.010541
9.000000 -7.400000 0.100000 0.005953
9.400000 -7.400000 0.100000 0.002187
9.800000 -7.400000 0.100000 -0.000879
-9.800000 -7.000000 0.100000 -0.030044
-9.400000 -7.000000 0.100000 -0.029562
-9.000000 -7.000000 0.100000 -0.028554
-8.600000 -7.000000 0.100000 -0.026877
-8.200000 -7.000000 0.100000 -0.024363
-7.800000 -7.000000 0.100000 -0.020810
-7.400000 -7.000000 0.100000 -0.015982
-7.000000 -7.000000 0.100000 -0.009607
-6.600000 -7.000000 0.100000 -0.001382
-6.200000 -7.000000 0.100000 0.009023
-5.800000 -7.000000 0.100000 0.021946
-5.400000 -7.000000 0.100000 0.037711
-5.000000 -7.000000 0.100000 0.056592
-4.600000 -7.000000 0.100000 0.078765
-4.200000 -7.000000 0.100000 0.104249
-3.800000 -7.000000 0.100000 0.132851
-3.400000 -7.000000 0.100000 0.164114
-3.000000 -7.000000 0.100000 0.197297
-2.600000 -7.000000 0.100000 0.231389
-2.200000 -7.000000 0.100000 0.265167
-1.800000 -7.000000 0.100000 0.297288
-1.400000 -7.000000 0.100000 0.326403
-1.000000 -7.000000 0.100000 0.351267
-0.600000 -7.000000 0.100000 0.370821
-0.200000 -7.000000 0.100000 0.384254
0.200000 -7.000000 0.100000 0.391033
0.600000 -7.000000 0.100000 0.390924
1.000000 -7.000000 0.100000 0.384000
1.400000 -7.000000 0.100000 0.370647
1.800000 -7.000000 0.100000 0.351557
2.200000 -7.000000 0.100000 0.327695
2.600000 -7.000000 0.100000 0.300238
3.000000 -7.000000 0.100000 0.270477
3.400000 -7.000000 0.100000 0.239706
3.800000 -7.000000 0.100000 0.209110
4.200000 -7.000000 0.100000 0.179675
4.600000 -7.000000 0.100000 0.152145
5.000000 -7.000000 0.100000 0.127006
5.400000 -7.000000 0.100000 0.104514
5.800000 -7.000000 0.100000 0.084734
6.200000 -7.000000 0.100000 0.067593
6.600000 -7.000000 0.100000 0.052923
7.000000 -7.000000 0.100000 0.040500
7.400000 -7.000000 0.100000 0.030078
7.800000 -7.000000 0.100000 0.021408
8.200000 -7.000000 0.100000 0.014250
8.600000 -7.000000 0.100000 0.008385
9.000000 -7.000000 0.100000 0.003616
9.400000 -7.000000 0.100000 -0.000233
9.800000 -7.000000 0.100000 -0.003311
-9.800000 -6.600000 0.100000 -0.034324
-9.400000 -6.600000 0.100000 -0.034195
-9.000000 -6.600000 0.100000 -0.033530
-8.600000 -6.600000 0.100000 -0.032168
-8.200000 -6.600000 0.100000 -0.029911
-7.800000 -6.600000 0.100000 -0.026519
-7.400000 -6.600000 0.100000 -0.021702
-7.000000 -6.600000 0.100000 -0.015118
-6.600000 -6.600000 0.100000 -0.006371
-6.200000 -6.600000 0.100000 0.004985
-5.800000 -6.600000 0.100000 0.019431
-5.400000 -6.600000 0.100000 0.037453
-5.000000 -6.600000 0.100000 0.059499
-4.600000 -6.600000 0.100000 0.085912
-4.200000 -6.600000 0.100000 0.116840
-3.800000 -6.600000 0.100000 0.152148
-3.400000 -6.600000 0.100000 0.191322
-3.000000 -6.600000 0.100000 0.233423
-2.600000 -6.600000 0.100000 0.277096
-2.200000 -6.600000 0.100000 0.320652
-1.800000 -6.600000 0.100000 0.362225
-1.400000 -6.600000 0.100000 0.399941
-1.000000 -6.600000 0.100000 0.432097
-0.600000 -6.600000 0.100000 0.457270
-0.200000 -6.600000 0.100000 0.474391
0.200000 -6.600000 0.100000 0.482769
0.600000 -6.600000 0.100000 0.482102
1.000000 -6.600000 0.100000 0.472484
1.400000 -6.600000 0.100000 0.454426
1.800000 -6.600000 0.100000 0.428864
2.200000 -6.600000 0.100000 0.397128
2.600000 -6.600000 0.100000 0.360863
3.000000 -6.600000 0.100000 0.321887
3.400000 -6.600000 0.100000 0.282008
3.800000 -6.600000 0.100000 0.242851
4.200000 -6.600000 0.100000 0.205722
4.600000 -6.600000 0.100000 0.171542
5.000000 -6.600000 0.100000 0.140855
5.400000 -6.600000 0.100000 0.113876
5.800000 -6.600000 0.100000 0.090567
6.200000 -6.600000 0.100000 0.070722
6.600000 -6.600000 0.100000 0.054033
7.000000 -6.600000 0.100000 0.040144
7.400000 -6.600000 0.100000 0.028691
7.800000 -6.600000 0.100000 0.019324
8.200000 -6.600000 0.100000 0.011724
8.600000 -6.600000 0.100000 0.005604
9.000000 -6.600000 0.100000 0.000717
9.400000 -6.600000 0.100000 -0.003150
9.800000 -6.600000 0.100000 -0.006178
-9.800000 -6.200000 0.100000 -0.039031
-9.400000 -6.200000 0.100000 -0.039345
-9.000000 -6.200000 0.100000 -0.039129
-8.600000 -6.200000 0.100000 -0.038203
-8.200000 -6.200000 0.100000 -0.036341
-7.800000 -6.200000 0.100000 -0.033261
-7.400000 -6.200000 0.100000 -0.028614
-7.000000 -6.200000 0.100000 -0.021974
-6.600000 -6.200000 0.100000 -0.012832
-6.200000 -6.200000 0.100000 -0.000596
-5.800000 -6.200000 0.100000 0.015404
-5.400000 -6.200000 0.100000 0.035884
-5.000000 -6.200000 0.100000 0.061549
-4.600000 -6.200000 0.100000 0.093012
-4.200000 -6.200000 0.100000 0.130657
-3.800000 -6.200000 0.100000 0.174486
-3.400000 -6.200000 0.100000 0.223964
-3.000000 -6.200000 0.100000 0.277904
-2.600000 -6.200000 0.100000 0.334466
-2.200000 -6.200000 0.100000 0.391274
-1.800000 -6.200000 0.100000 0.445677
-1.400000 -6.200000 0.100000 0.495036
-1.000000 -6.200000 0.100000 0.537000
-0.600000 -6.200000 0.100000 0.569667
-0.200000 -6.200000 0.100000 0.591651
0.200000 -6.200000 0.100000 0.602073
0.600000 -6.200000 0.100000 0.600544
1.000000 -6.200000 0.100000 0.587174
1.400000 -6.200000 0.100000 0.562617
1.800000 -6.200000 0.100000 0.528114
2.200000 -6.200000 0.100000 0.485503
2.600000 -6.200000 0.100000 0.437112
3.000000 -6.200000 0.100000 0.385542
3.400000 -6.200000 0.100000 0.333374
3.800000 -6.200000 0.100000 0.282866
4.200000 -6.200000 0.100000 0.235754
4.600000 -6.200000 0.100000 0.193164
5.000000 -6.200000 0.100000 0.155654
5.400000 -6.200000 0.100000 0.123320
5.800000 -6.200000 0.100000 0.095933
6.200000 -6.200000 0.100000 0.073070
6.600000 -6.200000 0.100000 0.054211
7.000000 -6.200000 0.100000 0.038812
7.400000 -6.200000 0.100000 0.026351
7.800000 -6.200000 0.100000 0.016349
8.200000 -6.200000 0.100000 0.008387
8.600000 -6.200000 0.100000 0.002101
9.000000 -6.200000 0.100000 -0.002815
9.400000 -6.200000 0.100000 -0.006618
9.800000 -6.200000 0.100000 -0.009520
-9.800000 -5.800000 0.100000 -0.044167
-9.400000 -5.800000 0.100000 -0.045025
-9.000000 -5.800000 0.100000 -0.045379
-8.600000 -5.800000 0.100000 -0.045032
-8.200000 -5.800000 0.100000 -0.043732
-7.800000 -5.800000 0.100000 -0.041154
-7.400000 -5.800000 0.100000 -0.036885
-7.000000 -5.800000 0.100000 -0.030407
-6.600000 -5.800000 0.100000 -0.021080
-6.200000 -5.800000 0.100000 -0.008126
-5.800000 -5.800000 0.100000 0.009367
-5.400000 -5.800000 0.100000 0.032429
-5.000000 -5.800000 0.100000 0.062149
-4.600000 -5.800000 0.100000 0.099557
-4.200000 -5.800000 0.100000 0.145448
-3.800000 -5.800000 0.100000 0.200124
-3.400000 -5.800000 0.100000 0.263112
-3.000000 -5.800000 0.100000 0.332938
-2.600000 -5.800000 0.100000 0.407061
-2.200000 -5.800000 0.100000 0.482063
-1.800000 -5.800000 0.100000 0.554081
-1.400000 -5.800000 0.100000 0.619333
-1.000000 -5.800000 0.100000 0.674558
-0.600000 -5.800000 0.100000 0.717242
-0.200000 -5.800000 0.100000 0.745638
0.200000 -5.800000 0.100000 0.758675
0.600000 -5.800000 0.100000 0.755862
1.000000 -5.800000 0.100000 0.737292
1.400000 -5.800000 0.100000 0.703740
1.800000 -5.800000 0.100000 0.656816
2.200000 -5.800000 0.100000 0.599045
2.600000 -5.800000 0.100000 0.533765
3.000000 -5.800000 0.100000 0.464785
3.400000 -5.800000 0.100000 0.395861
3.800000 -5.800000 0.100000 0.330194
4.200000 -5.800000 0.100000 0.270091
4.600000 -5.800000 0.100000 0.216882
5.000000 -5.800000 0.100000 0.171038
5.400000 -5.800000 0.100000 0.132391
5.800000 -5.800000 0.100000 0.100375
6.200000 -5.800000 0.100000 0.074223
6.600000 -5.800000 0.100000 0.053105
7.000000 -5.800000 0.100000 0.036218
7.400000 -5.800000 0.100000 0.022832
7.800000 -5.800000 0.100000 0.012309
8.200000 -5.800000 0.100000 0.004109
8.600000 -5.800000 0.100000 -0.002220
9.000000 -5.800000 0.100000 -0.007050
9.400000 -5.800000 0.100000 -0.010685
9.800000 -5.800000 0.100000 -0.013370
-9.800000 -5.400000 0.100000 -0.049721
-9.400000 -5.400000 0.100000 -0.051233
-9.000000 -5.400000 0.100000 -0.052291
-8.600000 -5.400000 0.100000 -0.052687
-8.200000 -5.400000 0.100000 -0.052146
-7.800000 -5.400000 0.100000 -0.050302
-7.400000 -5.400000 0.100000 -0.046680
-7.000000 -5.400000 0.100000 -0.040662
-6.600000 -5.400000 0.100000 -0.031459
-6.200000 -5.400000 0.100000 -0.018077
-5.800000 -5.400000 0.100000 0.000704
-5.400000 -5.400000 0.100000 0.026334
-5.000000 -5.400000 0.100000 0.060443
-4.600000 -5.400000 0.100000 0.104712
-4.200000 -5.400000 0.100000 0.160627
-3.800000 -5.400000 0.100000 0.229080
-3.400000 -5.400000 0.100000 0.309872
-3.000000 -5.400000 0.100000 0.401229
-2.600000 -5.400000 0.100000 0.499597
-2.200000 -5.400000 0.100000 0.599917
-1.800000 -5.400000 0.100000 0.696401
-1.400000 -5.400000 0.100000 0.783506
-1.000000 -5.400000 0.100000 0.856698
-0.600000 -5.400000 0.100000 0.912736
-0.200000 -5.400000 0.100000 0.949549
0.200000 -5.400000 0.100000 0.965925
0.600000 -5.400000 0.100000 0.961264
1.000000 -5.400000 0.100000 0.935556
1.400000 -5.400000 0.100000 0.889594
1.800000 -5.400000 0.100000 0.825344
2.200000 -5.400000 0.100000 0.746250
2.600000 -5.400000 0.100000 0.657170
3.000000 -5.400000 0.100000 0.563821
3.400000 -5.400000 0.100000 0.471827
3.800000 -5.400000 0.100000 0.385798
4.200000 -5.400000 0.100000 0.308787
4.600000 -5.400000 0.100000 0.242250
5.000000 -5.400000 0.100000 0.186349
5.400000 -5.400000 0.100000 0.140399
5.800000 -5.400000 0.100000 0.103264
6.200000 -5.400000 0.100000 0.073650
6.600000 -5.400000 0.100000 0.050289
7.000000 -5.400000 0.100000 0.032031
7.400000 -5.400000 0.100000 0.017886
7.800000 -5.400000 0.100000 0.007022
8.200000 -5.400000 0.100000 -0.001240
8.600000 -5.400000 0.100000 -0.007451
9.000000 -5.400000 0.100000 -0.012052
9.400000 -5.400000 0.100000 -0.015394
9.800000 -5.400000 0.100000 -0.017754
-9.800000 -5.000000 0.100000 -0.055669
-9.400000 -5.000000 0.100000 -0.057950
-9.000000 -5.000000 0.100000 -0.059858
-8.600000 -5.000000 0.100000 -0.061179
-8.200000 -5.000000 0.100000 -0.061620
-7.800000 -5.000000 0.100000 -0.060785
-7.400000 -5.000000 0.100000 -0.058140
-7.000000 -5.000000 0.100000 -0.052968
-6.600000 -5.000000 0.100000 -0.044324
-6.200000 -5.000000 0.100000 -0.030968
-5.800000 -5.000000 0.100000 -0.011310
-5.400000 -5.000000 0.100000 0.016635
-5.000000 -5.000000 0.100000 0.055244
-4.600000 -5.000000 0.100000 0.107169
-4.200000 -5.000000 0.100000 0.175033
-3.800000 -5.000000 0.100000 0.260846
-3.400000 -5.000000 0.100000 0.365125
-3.000000 -5.000000 0.100000 0.485918
-2.600000 -5.000000 0.100000 0.618200
-2.200000 -5.000000 0.100000 0.754241
-1.800000 -5.000000 0.100000 0.885064
-1.400000 -5.000000 0.100000 1.002355
-1.000000 -5.000000 0.100000 1.099826
-0.600000 -5.000000 0.100000 1.173509
-0.200000 -5.000000 0.100000 1.221232
0.200000 -5.000000 0.100000 1.241839
0.600000 -5.000000 0.100000 1.234640
1.000000 -5.000000 0.100000 1.199320
1.400000 -5.000000 0.100000 1.136379
1.800000 -5.000000 0.100000 1.047957
2.200000 -5.000000 0.100000 0.938640
2.600000 -5.000000 0.100000 0.815621
3.000000 -5.000000 0.100000 0.687748
3.400000 -5.000000 0.100000 0.563709
3.800000 -5.000000 0.100000 0.450258
4.200000 -5.000000 0.100000 0.351349
4.600000 -5.000000 0.100000 0.268294
5.000000 -5.000000 0.100000 0.200511
5.400000 -5.000000 0.100000 0.146356
5.800000 -5.000000 0.100000 0.103775
6.200000 -5.000000 0.100000 0.070703
6.600000 -5.000000 0.100000 0.045274
7.000000 -5.000000 0.100000 0.025895
7.400000 -5.000000 0.100000 0.011257
7.800000 -5.000000 0.100000 0.000310
8.200000 -5.000000 0.100000 -0.007782
8.600000 -5.000000 0.100000 -0.013672
9.000000 -5.000000 0.100000 -0.017870
9.400000 -5.000000 0.100000 -0.020772
9.800000 -5.000000 0.100000 -0.022685
-9.800000 -4.600000 0.100000 -0.061969
-9.400000 -4.600000 0.100000 -0.065137
-9.000000 -4.600000 0.100000 -0.068045
-8.600000 -4.600000 0.100000 -0.070484
-8.200000 -4.600000 0.100000 -0.072156
-7.800000 -4.600000 0.100000 -0.072643
-7.400000 -4.600000 0.100000 -0.071364
-7.000000 -4.600000 0.100000 -0.067519
-6.600000 -4.600000 0.100000 -0.060007
-6.200000 -4.600000 0.100000 -0.047332
-5.800000 -4.600000 0.100000 -0.027487
-5.400000 -4.600000 0.100000 0.002163
-5.000000 -4.600000 0.100000 0.044970
-4.600000 -4.600000 0.100000 0.104972
-4.200000 -4.600000 0.100000 0.186593
-3.800000 -4.600000 0.100000 0.293860
-3.400000 -4.600000 0.100000 0.428940
-3.000000 -4.600000 0.100000 0.590164
-2.600000 -4.600000 0.100000 0.770434
-2.200000 -4.600000 0.100000 0.957522
-1.800000 -4.600000 0.100000 1.136945
-1.400000 -4.600000 0.100000 1.295915
-1.000000 -4.600000 0.100000 1.425846
-0.600000 -4.600000 0.100000 1.522392
-0.200000 -4.600000 0.100000 1.583925
0.200000 -4.600000 0.100000 1.609820
0.600000 -4.600000 0.100000 1.599353
1.000000 -4.600000 0.100000 1.551507
1.400000 -4.600000 0.100000 1.465771
1.800000 -4.600000 0.100000 1.343819
2.200000 -4.600000 0.100000 1.191466
2.600000 -4.600000 0.100000 1.019529
3.000000 -4.600000 0.100000 0.842221
3.400000 -4.600000 0.100000 0.673428
3.800000 -4.600000 0.100000 0.523170
4.200000 -4.600000 0.100000 0.396279
4.600000 -4.600000 0.100000 0.293237
5.000000 -4.600000 0.100000 0.211883
5.400000 -4.600000 0.100000 0.148918
5.800000 -4.600000 0.100000 0.100881
6.200000 -4.600000 0.100000 0.064632
6.600000 -4.600000 0.100000 0.037528
7.000000 -4.600000 0.100000 0.017441
7.400000 -4.600000 0.100000 0.002700
7.800000 -4.600000 0.100000 -0.007989
8.200000 -4.600000 0.100000 -0.015617
8.600000 -4.600000 0.100000 -0.020941
9.000000 -4.600000 0.100000 -0.024533
9.400000 -4.600000 0.100000 -0.026831
9.800000 -4.600000 0.100000 -0.028164
-9.800000 -4.200000 0.100000 -0.068560
-9.400000 -4.200000 0.100000 -0.072728
-9.000000 -4.200000 0.100000 -0.076788
-8.600000 -4.200000 0.100000 -0.080544
-8.200000 -4.200000 0.100000 -0.083707
-7.800000 -4.200000 0.100000 -0.085855
-7.400000 -4.200000 0.100000 -0.086386
-7.000000 -4.200000 0.100000 -0.084434
-6.600000 -4.200000 0.100000 -0.078769
-6.200000 -4.200000 0.100000 -0.067652
-5.800000 -4.200000 0.100000 -0.048648
-5.400000 -4.200000 0.100000 -0.018395
-5.000000 -4.200000 0.100000 0.027647
-4.600000 -4.200000 0.100000 0.095369
-4.200000 -4.200000 0.100000 0.191883
-3.800000 -4.200000 0.100000 0.324665
-3.400000 -4.200000 0.100000 0.499348
-3.000000 -4.200000 0.100000 0.715885
-2.600000 -4.200000 0.100000 0.964495
-2.200000 -4.200000 0.100000 1.225179
-1.800000 -4.200000 0.100000 1.473550
-1.400000 -4.200000 0.100000 1.689489
-1.000000 -4.200000 0.100000 1.861784
-0.600000 -4.200000 0.100000 1.986920
-0.200000 -4.200000 0.100000 2.065247
0.200000 -4.200000 0.100000 2.097585
0.600000 -4.200000 0.100000 2.083318
1.000000 -4.200000 0.100000 2.020029
1.400000 -4.200000 0.100000 1.904755
1.800000 -4.200000 0.100000 1.737089
2.200000 -4.200000 0.100000 1.523580
2.600000 -4.200000 0.100000 1.280679
3.000000 -4.200000 0.100000 1.032151
3.400000 -4.200000 0.100000 0.800995
3.800000 -4.200000 0.100000 0.602062
4.200000 -4.200000 0.100000 0.440419
4.600000 -4.200000 0.100000 0.314181
5.000000 -4.200000 0.100000 0.218157
5.400000 -4.200000 0.100000 0.146385
5.800000 -4.200000 0.100000 0.093390
6.200000 -4.200000 0.100000 0.054626
6.600000 -4.200000 0.100000 0.026518
7.000000 -4.200000 0.100000 0.006331
7.400000 -4.200000 0.100000 -0.007995
7.800000 -4.200000 0.100000 -0.017995
8.200000 -4.200000 0.100000 -0.024810
8.600000 -4.200000 0.100000 -0.029284
9.000000 -4.200000 0.100000 -0.032046
9.400000 -4.200000 0.100000 -0.033559
9.800000 -4.200000 0.100000 -0.034169
-9.800000 -3.800000 0.100000 -0.075360
-9.400000 -3.800000 0.100000 -0.080633
-9.000000 -3.800000 0.100000 -0.085988
-8.600000 -3.800000 0.100000 -0.091254
-8.200000 -3.800000 0.100000 -0.096168
-7.800000 -3.800000 0.100000 -0.100331
-7.400000 -3.800000 0.100000 -0.103144
-7.000000 -3.800000 0.100000 -0.103716
-6.600000 -3.800000 0.100000 -0.100734
-6.200000 -3.800000 0.100000 -0.092269
-5.800000 -3.800000 0.100000 -0.075499
-5.400000 -3.800000 0.100000 -0.046338
-5.000000 -3.800000 0.100000 0.001058
-4.600000 -3.800000 0.100000 0.074826
-4.200000 -3.800000 0.100000 0.185748
-3.800000 -3.800000 0.100000 0.346733
-3.400000 -3.800000 0.100000 0.570049
-3.000000 -3.800000 0.100000 0.860536
-2.600000 -3.800000 0.100000 1.205816
-2.200000 -3.800000 0.100000 1.572320
-1.800000 -3.800000 0.100000 1.917349
-1.400000 -3.800000 0.100000 2.208912
-1.000000 -3.800000 0.100000 2.433932
-0.600000 -3.800000 0.100000 2.592707
-0.200000 -3.800000 0.100000 2.690180
0.200000 -3.800000 0.100000 2.730070
0.600000 -3.800000 0.100000 2.712116
1.000000 -3.800000 0.100000 2.631488
1.400000 -3.800000 0.100000 2.480343
1.800000 -3.800000 0.100000 2.252760
2.200000 -3.800000 0.100000 1.953867
2.600000 -3.800000 0.100000 1.608554
3.000000 -3.800000 0.100000 1.258078
3.400000 -3.800000 0.100000 0.941673
3.800000 -3.800000 0.100000 0.680703
4.200000 -3.800000 0.100000 0.478191
4.600000 -3.800000 0.100000 0.326881
5.000000 -3.800000 0.100000 0.216374
5.400000 -3.800000 0.100000 0.136796
5.800000 -3.800000 0.100000 0.080045
6.200000 -3.800000 0.100000 0.039908
6.600000 -3.800000 0.100000 0.011777
7.000000 -3.800000 0.100000 -0.007706
7.400000 -3.800000 0.100000 -0.020971
7.800000 -3.800000 0.100000 -0.029771
8.200000 -3.800000 0.100000 -0.035373
8.600000 -3.800000 0.100000 -0.038688
9.000000 -3.800000 0.100000 -0.040377
9.400000 -3.800000 0.100000 -0.040919
9.800000 -3.800000 0.100000 -0.040660
-9.800000 -3.400000 0.100000 -0.082268
-9.400000 -3.400000 0.100000 -0.088734
-9.000000 -3.400000 0.100000 -0.095508
-8.600000 -3.400000 0.100000 -0.102459
-8.200000 -3.400000 0.100000 -0.109370
-7.800000 -3.400000 0.100000 -0.115889
-7.400000 -3.400000 0.100000 -0.121458
-7.000000 -3.400000 0.100000 -0.125215
-6.600000 -3.400000 0.100000 -0.125830
-6.200000 -3.400000 0.100000 -0.121273
-5.800000 -3.400000 0.100000 -0.108452
-5.400000 -3.400000 0.100000 -0.082678
-5.000000 -3.400000 0.100000 -0.036886
-4.600000 -3.400000 0.100000 0.039427
-4.200000 -3.400000 0.100000 0.161401
-3.800000 -3.400000 0.100000 0.349441
-3.400000 -3.400000 0.100000 0.626941
-3.000000 -3.400000 0.100000 1.010118
-2.600000 -3.400000 0.100000 1.486695
-2.200000 -3.400000 0.100000 2.000308
-1.800000 -3.400000 0.100000 2.474733
-1.400000 -3.400000 0.100000 2.860070
-1.000000 -3.400000 0.100000 3.145149
-0.600000 -3.400000 0.100000 3.339688
-0.200000 -3.400000 0.100000 3.456914
0.200000 -3.400000 0.100000 3.505168
0.600000 -3.400000 0.100000 3.484881
1.000000 -3.400000 0.100000 3.387764
1.400000 -3.400000 0.100000 3.197949
1.800000 -3.400000 0.100000 2.898178
2.200000 -3.400000 0.100000 2.486370
2.600000 -3.400000 0.100000 1.998577
3.000000 -3.400000 0.100000 1.507717
3.400000 -3.400000 0.100000 1.081194
3.800000 -3.400000 0.100000 0.747167
4.200000 -3.400000 0.100000 0.501175
4.600000 -3.400000 0.100000 0.325910
5.000000 -3.400000 0.100000 0.203208
5.400000 -3.400000 0.100000 0.118180
5.800000 -3.400000 0.100000 0.059715
6.200000 -3.400000 0.100000 0.019851
6.600000 -3.400000 0.100000 -0.007018
7.000000 -3.400000 0.100000 -0.024810
7.400000 -3.400000 0.100000 -0.036264
7.800000 -3.400000 0.100000 -0.043298
8.200000 -3.400000 0.100000 -0.047256
8.600000 -3.400000 0.100000 -0.049087
9.000000 -3.400000 0.100000 -0.049457
9.400000 -3.400000 0.100000 -0.048841
9.800000 -3.400000 0.100000 -0.047573
-9.800000 -3.000000 0.100000 -0.089164
-9.400000 -3.000000 0.100000 -0.096889
-9.000000 -3.000000 0.100000 -0.105178
-8.600000 -3.000000 0.100000 -0.113958
-8.200000 -3.000000 0.100000 -0.123076
-7.800000 -3.000000 0.100000 -0.132254
-7.400000 -3.000000 0.100000 -0.141020
-7.000000 -3.000000 0.100000 -0.148595
-6.600000 -3.000000 0.100000 -0.153720
-6.200000 -3.000000 0.100000 -0.154390
-5.800000 -3.000000 0.100000 -0.147422
-5.400000 -3.000000 0.100000 -0.127779
-5.000000 -3.000000 0.100000 -0.087508
-4.600000 -3.000000 0.100000 -0.014118
-4.200000 -3.000000 0.100000 0.111735
-3.800000 -3.000000 0.100000 0.318823
-3.400000 -3.000000 0.100000 0.645511
-3.000000 -3.000000 0.100000 1.128156
-2.600000 -3.000000 0.100000 1.762268
-2.200000 -3.000000 0.100000 2.458412
-1.800000 -3.000000 0.100000 3.085633
-1.400000 -3.000000 0.100000 3.571494
-1.000000 -3.000000 0.100000 3.914759
-0.600000 -3.000000 0.100000 4.141415
-0.200000 -3.000000 0.100000 4.276107
0.200000 -3.000000 0.100000 4.332926
0.600000 -3.000000 0.100000 4.313317
1.000000 -3.000000 0.100000 4.205132
1.400000 -3.000000 0.100000 3.982237
1.800000 -3.000000 0.100000 3.609614
2.200000 -3.000000 0.100000 3.067922
2.600000 -3.000000 0.100000 2.403850
3.000000 -3.000000 0.100000 1.741322
3.400000 -3.000000 0.100000 1.190788
3.800000 -3.000000 0.100000 0.783410
4.200000 -3.000000 0.100000 0.498993
4.600000 -3.000000 0.100000 0.305567
5.000000 -3.000000 0.100000 0.175621
5.400000 -3.000000 0.100000 0.088974
5.800000 -3.000000 0.100000 0.031642
6.200000 -3.000000 0.100000 -0.005864
6.600000 -3.000000 0.100000 -0.029950
7.000000 -3.000000 0.100000 -0.044944
7.400000 -3.000000 0.100000 -0.053779
7.800000 -3.000000 0.100000 -0.058453
8.200000 -3.000000 0.100000 -0.060334
8.600000 -3.000000 0.100000 -0.060359
9.000000 -3.000000 0.100000 -0.059174
9.400000 -3.000000 0.100000 -0.057225
9.800000 -3.000000 0.100000 -0.054817
-9.800000 -2.600000 0.100000 -0.095913
-9.400000 -2.600000 0.100000 -0.104930
-9.000000 -2.600000 0.100000 -0.114796
-8.600000 -2.600000 0.100000 -0.125503
-8.200000 -2.600000 0.100000 -0.136983
-7.800000 -2.600000 0.100000 -0.149061
-7.400000 -2.600000 0.100000 -0.161386
-7.000000 -2.600000 0.100000 -0.173325
-6.600000 -2.600000 0.100000 -0.183782
-6.200000 -2.600000 0.100000 -0.190917
-5.800000 -2.600000 0.100000 -0.191672
-5.400000 -2.600000 0.100000 -0.181009
-5.000000 -2.600000 0.100000 -0.150642
-4.600000 -2.600000 0.100000 -0.086960
-4.200000 -2.600000 0.100000 0.032269
-3.800000 -2.600000 0.100000 0.242543
-3.400000 -2.600000 0.100000 0.596396
-3.000000 -2.600000 0.100000 1.153733
-2.600000 -2.600000 0.100000 1.926184
-2.200000 -2.600000 0.100000 2.790831
-1.800000 -2.600000 0.100000 3.552657
-1.400000 -2.600000 0.100000 4.118650
-1.000000 -2.600000 0.100000 4.503528
-0.600000 -2.600000 0.100000 4.751451
-0.200000 -2.600000 0.100000 4.898103
0.200000 -2.600000 0.100000 4.962830
0.600000 -2.600000 0.100000 4.948221
1.000000 -2.600000 0.100000 4.839153
1.400000 -2.600000 0.100000 4.600295
1.800000 -2.600000 0.100000 4.177837
2.200000 -2.600000 0.100000 3.528461
2.600000 -2.600000 0.100000 2.703240
3.000000 -2.600000 0.100000 1.884543
3.400000 -2.600000 0.100000 1.230626
3.800000 -2.600000 0.100000 0.769857
4.200000 -2.600000 0.100000 0.462432
4.600000 -2.600000 0.100000 0.261655
5.000000 -2.600000 0.100000 0.131808
5.400000 -2.600000 0.100000 0.048511
5.800000 -2.600000 0.100000 -0.004300
6.200000 -2.600000 0.100000 -0.037116
6.600000 -2.600000 0.100000 -0.056799
7.000000 -2.600000 0.100000 -0.067855
7.400000 -2.600000 0.100000 -0.073265
7.800000 -2.600000 0.100000 -0.075006
8.200000 -2.600000 0.100000 -0.074399
8.600000 -2.600000 0.100000 -0.072324
9.000000 -2.600000 0.100000 -0.069373
9.400000 -2.600000 0.100000 -0.065938
9.800000 -2.600000 0.100000 -0.062281
-9.800000 -2.200000 0.100000 -0.102369
-9.400000 -2.200000 0.100000 -0.112679
-9.000000 -2.200000 0.100000 -0.124136
-8.600000 -2.200000 0.100000 -0.136813
-8.200000 -2.200000 0.100000 -0.150738
-7.800000 -2.200000 0.100000 -0.165862
-7.400000 -2.200000 0.100000 -0.181992
-7.000000 -2.200000 0.100000 -0.198694
-6.600000 -2.200000 0.100000 -0.215119
-6.200000 -2.200000 0.100000 -0.229718
-5.800000 -2.200000 0.100000 -0.239776
-5.400000 -2.200000 0.100000 -0.240604
-5.000000 -2.200000 0.100000 -0.224187
-4.600000 -2.200000 0.100000 -0.176871
-4.200000 -2.200000 0.100000 -0.075510
-3.800000 -2.200000 0.100000 0.118483
-3.400000 -2.200000 0.100000 0.465494
-3.000000 -2.200000 0.100000 1.040607
-2.600000 -2.200000 0.100000 1.869331
-2.200000 -2.200000 0.100000 2.812275
-1.800000 -2.200000 0.100000 3.635553
-1.400000 -2.200000 0.100000 4.233885
-1.000000 -2.200000 0.100000 4.632278
-0.600000 -2.200000 0.100000 4.885914
-0.200000 -2.200000 0.100000 5.037011
0.200000 -2.200000 0.100000 5.108113
0.600000 -2.200000 0.100000 5.102810
1.000000 -2.200000 0.100000 5.004782
1.400000 -2.200000 0.100000 4.773845
1.800000 -2.200000 0.100000 4.344799
2.200000 -2.200000 0.100000 3.657200
2.600000 -2.200000 0.100000 2.759928
3.000000 -2.200000 0.100000 1.869106
3.400000 -2.200000 0.100000 1.172401
3.800000 -2.200000 0.100000 0.695964
4.200000 -2.200000 0.100000 0.388026
4.600000 -2.200000 0.100000 0.193429
5.000000 -2.200000 0.100000 0.072034
5.400000 -2.200000 0.100000 -0.002609
5.800000 -2.200000 0.100000 -0.047443
6.200000 -2.200000 0.100000 -0.073271
6.600000 -2.200000 0.100000 -0.086998
7.000000 -2.200000 0.100000 -0.093058
7.400000 -2.200000 0.100000 -0.094311
7.800000 -2.200000 0.100000 -0.092613
8.200000 -2.200000 0.100000 -0.089165
8.600000 -2.200000 0.100000 -0.084746
9.000000 -2.200000 0.100000 -0.079856
9.400000 -2.200000 0.100000 -0.074818
9.800000 -2.200000 0.100000 -0.069830
-9.800000 -1.800000 0.100000 -0.108381
-9.400000 -1.800000 0.100000 -0.119944
-9.000000 -1.800000 0.100000 -0.132959
-8.600000 -1.800000 0.100000 -0.147581
-8.200000 -1.800000 0.100000 -0.163950
-7.800000 -1.800000 0.100000 -0.182156
-7.400000 -1.800000 0.100000 -0.202192
-7.000000 -1.800000 0.100000 -0.223860
-6.600000 -1.800000 0.100000 -0.246621
-6.200000 -1.800000 0.100000 -0.269323
-5.800000 -1.800000 0.100000 -0.289751
-5.400000 -1.800000 0.100000 -0.303841
-5.000000 -1.800000 0.100000 -0.304319
-4.600000 -1.800000 0.100000 -0.278340
-4.200000 -1.800000 0.100000 -0.203461
-3.800000 -1.800000 0.100000 -0.041212
-3.400000 -1.800000 0.100000 0.270347
-3.000000 -1.800000 0.100000 0.811054
-2.600000 -1.800000 0.100000 1.613208
-2.200000 -1.800000 0.100000 2.538488
-1.800000 -1.800000 0.100000 3.346799
-1.400000 -1.800000 0.100000 3.929998
-1.000000 -1.800000 0.100000 4.315083
-0.600000 -1.800000 0.100000 4.559786
-0.200000 -1.800000 0.100000 4.708014
0.200000 -1.800000 0.100000 4.783355
0.600000 -1.800000 0.100000 4.790073
1.000000 -1.800000 0.100000 4.712090
1.400000 -1.800000 0.100000 4.508413
1.800000 -1.800000 0.100000 4.110613
2.200000 -1.800000 0.100000 3.451753
2.600000 -1.800000 0.100000 2.575580
3.000000 -1.800000 0.100000 1.701800
3.400000 -1.800000 0.100000 1.023872
3.800000 -1.800000 0.100000 0.568111
4.200000 -1.800000 0.100000 0.280508
4.600000 -1.800000 0.100000 0.104332
5.000000 -1.800000 0.100000 -0.001169
5.400000 -1.800000 0.100000 -0.062485
5.800000 -1.800000 0.100000 -0.096335
6.200000 -1.800000 0.100000 -0.113205
6.600000 -1.800000 0.100000 -0.119667
7.000000 -1.800000 0.100000 -0.119854
7.400000 -1.800000 0.100000 -0.116365
7.800000 -1.800000 0.100000 -0.110832
8.200000 -1.800000 0.100000 -0.104279
8.600000 -1.800000 0.100000 -0.097339
9.000000 -1.800000 0.100000 -0.090396
9.400000 -1.800000 0.100000 -0.083679
9.800000 -1.800000 0.100000 -0.077313
-9.800000 -1.400000 0.100000 -0.113802
-9.400000 -1.400000 0.100000 -0.126536
-9.000000 -1.400000 0.100000 -0.141021
-8.600000 -1.400000 0.100000 -0.157497
-8.200000 -1.400000 0.100000 -0.176215
-7.800000 -1.400000 0.100000 -0.197417
-7.400000 -1.400000 0.100000 -0.221293
-7.000000 -1.400000 0.100000 -0.247908
-6.600000 -1.400000 0.100000 -0.277066
-6.200000 -1.400000 0.100000 -0.308075
-5.800000 -1.400000 0.100000 -0.339316
-5.400000 -1.400000 0.100000 -0.367499
-5.000000 -1.400000 0.100000 -0.386335
-4.600000 -1.400000 0.100000 -0.384199
-4.200000 -1.400000 0.100000 -0.340064
-3.800000 -1.400000 0.100000 -0.216885
-3.400000 -1.400000 0.100000 0.046398
-3.000000 -1.400000 0.100000 0.530493
-2.600000 -1.400000 0.100000 1.271697
-2.200000 -1.400000 0.100000 2.138196
-1.800000 -1.400000 0.100000 2.895601
-1.400000 -1.400000 0.100000 3.438497
-1.000000 -1.400000 0.100000 3.794337
-0.600000 -1.400000 0.100000 4.020460
-0.200000 -1.400000 0.100000 4.160383
0.200000 -1.400000 0.100000 4.237641
0.600000 -1.400000 0.100000 4.256857
1.000000 -1.400000 0.100000 4.202634
1.400000 -1.400000 0.100000 4.034638
1.800000 -1.400000 0.100000 3.684198
2.200000 -1.400000 0.100000 3.081773
2.600000 -1.400000 0.100000 2.265422
3.000000 -1.400000 0.100000 1.448290
3.400000 -1.400000 0.100000 0.819706
3.800000 -1.400000 0.100000 0.404891
4.200000 -1.400000 0.100000 0.150443
4.600000 -1.400000 0.100000 0.000792
5.000000 -1.400000 0.100000 -0.083631
5.400000 -1.400000 0.100000 -0.128263
5.800000 -1.400000 0.100000 -0.148940
6.200000 -1.400000 0.100000 -0.155417
6.600000 -1.400000 0.100000 -0.153679
7.000000 -1.400000 0.100000 -0.147384
7.400000 -1.400000 0.100000 -0.138760
7.800000 -1.400000 0.100000 -0.129146
8.200000 -1.400000 0.100000 -0.119335
8.600000 -1.400000 0.100000 -0.109784
9.000000 -1.400000 0.100000 -0.100739
9.400000 -1.400000 0.100000 -0.092320
9.800000 -1.400000 0.100000 -0.084570
-9.800000 -1.000000 0.100000 -0.118491
-9.400000 -1.000000 0.100000 -0.132277
-9.000000 -1.000000 0.100000 -0.148091
-8.600000 -1.000000 0.100000 -0.166258
-8.200000 -1.000000 0.100000 -0.187140
-7.800000 -1.000000 0.100000 -0.211127
-7.400000 -1.000000 0.100000 -0.238611
-7.000000 -1.000000 0.100000 -0.269923
-6.600000 -1.000000 0.100000 -0.305228
-6.200000 -1.000000 0.100000 -0.344311
-5.800000 -1.000000 0.100000 -0.386186
-5.400000 -1.000000 0.100000 -0.428386
-5.000000 -1.000000 0.100000 -0.465667
-4.600000 -1.000000 0.100000 -0.487682
-4.200000 -1.000000 0.100000 -0.474855
-3.800000 -1.000000 0.100000 -0.391568
-3.400000 -1.000000 0.100000 -0.177640
-3.000000 -1.000000 0.100000 0.248250
-2.600000 -1.000000 0.100000 0.925604
-2.200000 -1.000000 0.100000 1.728375
-1.800000 -1.000000 0.100000 2.428346
-1.400000 -1.000000 0.100000 2.924185
-1.000000 -1.000000 0.100000 3.244874
-0.600000 -1.000000 0.100000 3.447792
-0.200000 -1.000000 0.100000 3.576086
0.200000 -1.000000 0.100000 3.653087
0.600000 -1.000000 0.100000 3.683591
1.000000 -1.000000 0.100000 3.652689
1.400000 -1.000000 0.100000 3.520524
1.800000 -1.000000 0.100000 3.218143
2.200000 -1.000000 0.100000 2.673833
2.600000 -1.000000 0.100000 1.920828
3.000000 -1.000000 0.100000 1.165903
3.400000 -1.000000 0.100000 0.593180
3.800000 -1.000000 0.100000 0.225466
4.200000 -1.000000 0.100000 0.009246
4.600000 -1.000000 0.100000 -0.110040
5.000000 -1.000000 0.100000 -0.170632
5.400000 -1.000000 0.100000 -0.196687
5.800000 -1.000000 0.100000 -0.202932
6.200000 -1.000000 0.100000 -0.198206
6.600000 -1.000000 0.100000 -0.187764
7.000000 -1.000000 0.100000 -0.174691
7.400000 -1.000000 0.100000 -0.160767
7.800000 -1.000000 0.100000 -0.146992
8.200000 -1.000000 0.100000 -0.133899
8.600000 -1.000000 0.100000 -0.121742
9.000000 -1.000000 0.100000 -0.110619
9.400000 -1.000000 0.100000 -0.100531
9.800000 -1.000000 0.100000 -0.091434
-9.800000 -0.600000 0.100000 -0.122325
-9.400000 -0.600000 0.100000 -0.137006
-9.000000 -0.600000 0.100000 -0.153961
-8.600000 -0.600000 0.100000 -0.173591
-8.200000 -0.600000 0.100000 -0.196363
-7.800000 -0.600000 0.100000 -0.222809
-7.400000 -0.600000 0.100000 -0.253509
-7.000000 -0.600000 0.100000 -0.289057
-6.600000 -0.600000 0.100000 -0.329968
-6.200000 -0.600000 0.100000 -0.376501
-5.800000 -0.600000 0.100000 -0.428301
-5.400000 -0.600000 0.100000 -0.483718
-5.000000 -0.600000 0.100000 -0.538541
-4.600000 -0.600000 0.100000 -0.583645
-4.200000 -0.600000 0.100000 -0.600764
-3.800000 -0.600000 0.100000 -0.555422
-3.400000 -0.600000 0.100000 -0.387931
-3.000000 -0.600000 0.100000 -0.016148
-2.600000 -0.600000 0.100000 0.602130
-2.200000 -0.600000 0.100000 1.345264
-1.800000 -0.600000 0.100000 1.989954
-1.400000 -0.600000 0.100000 2.438784
-1.000000 -0.600000 0.100000 2.722975
-0.600000 -0.600000 0.100000 2.900761
-0.200000 -0.600000 0.100000 3.015426
0.200000 -0.600000 0.100000 3.090280
0.600000 -0.600000 0.100000 3.130219
1.000000 -0.600000 0.100000 3.120566
1.400000 -0.600000 0.100000 3.021510
1.800000 -0.600000 0.100000 2.763397
2.200000 -0.600000 0.100000 2.272364
2.600000 -0.600000 0.100000 1.577760
3.000000 -0.600000 0.100000 0.881436
3.400000 -0.600000 0.100000 0.363052
3.800000 -0.600000 0.100000 0.042621
4.200000 -0.600000 0.100000 -0.134338
4.600000 -0.600000 0.100000 -0.222064
5.000000 -0.600000 0.100000 -0.257823
5.400000 -0.600000 0.100000 -0.264597
5.800000 -0.600000 0.100000 -0.255980
6.200000 -0.600000 0.100000 -0.239837
6.600000 -0.600000 0.100000 -0.220620
7.000000 -0.600000 0.100000 -0.200789
7.400000 -0.600000 0.100000 -0.181639
7.800000 -0.600000 0.100000 -0.163801
8.200000 -0.600000 0.100000 -0.147531
8.600000 -0.600000 0.100000 -0.132876
9.000000 -0.600000 0.100000 -0.119773
9.400000 -0.600000 0.100000 -0.108107
9.800000 -0.600000 0.100000 -0.097744
-9.800000 -0.200000 0.100000 -0.125203
-9.400000 -0.200000 0.100000 -0.140592
-9.000000 -0.200000 0.100000 -0.158457
-8.600000 -0.200000 0.100000 -0.179267
-8.200000 -0.200000 0.100000 -0.203581
-7.800000 -0.200000 0.100000 -0.232055
-7.400000 -0.200000 0.100000 -0.265443
-7.000000 -0.200000 0.100000 -0.304579
-6.600000 -0.200000 0.100000 -0.350307
-6.200000 -0.200000 0.100000 -0.403339
-5.800000 -0.200000 0.100000 -0.463934
-5.400000 -0.200000 0.100000 -0.531256
-5.000000 -0.200000 0.100000 -0.602130
-4.600000 -0.200000 0.100000 -0.668671
-4.200000 -0.200000 0.100000 -0.713944
-3.800000 -0.200000 0.100000 -0.704604
-3.400000 -0.200000 0.100000 -0.581431
-3.000000 -0.200000 0.100000 -0.261487
-2.600000 -0.200000 0.100000 0.299881
-2.200000 -0.200000 0.100000 0.984962
-1.800000 -0.200000 0.100000 1.574946
-1.400000 -0.200000 0.100000 1.976311
-1.000000 -0.200000 0.100000 2.222836
-0.600000 -0.200000 0.100000 2.373983
-0.200000 -0.200000 0.100000 2.473404
0.200000 -0.200000 0.100000 2.544468
0.600000 -0.200000 0.100000 2.592166
1.000000 -0.200000 0.100000 2.601987
1.400000 -0.200000 0.100000 2.534086
1.800000 -0.200000 0.100000 2.318036
2.200000 -0.200000 0.100000 1.877905
2.600000 -0.200000 0.100000 1.239509
3.000000 -0.200000 0.100000 0.600252
3.400000 -0.200000 0.100000 0.135559
3.800000 -0.200000 0.100000 -0.137553
4.200000 -0.200000 0.100000 -0.274929
4.600000 -0.200000 0.100000 -0.330805
5.000000 -0.200000 0.100000 -0.341619
5.400000 -0.200000 0.100000 -0.329187
5.800000 -0.200000 0.100000 -0.305927
6.200000 -0.200000 0.100000 -0.278662
6.600000 -0.200000 0.100000 -0.250998
7.000000 -0.200000 0.100000 -0.224731
7.400000 -0.200000 0.100000 -0.200656
7.800000 -0.200000 0.100000 -0.179026
8.200000 -0.200000 0.100000 -0.159815
8.600000 -0.200000 0.100000 -0.142863
9.000000 -0.200000 0.100000 -0.127953
9.400000 -0.200000 0.100000 -0.114855
9.800000 -0.200000 0.100000 -0.103348
-9.800000 0.200000 0.100000 -0.127051
-9.400000 0.200000 0.100000 -0.142935
-9.000000 0.200000 0.100000 -0.161448
-8.600000 0.200000 0.100000 -0.183112
-8.200000 0.200000 0.100000 -0.208559
-7.800000 0.200000 0.100000 -0.238549
-7.400000 0.200000 0.100000 -0.273985
-7.000000 0.200000 0.100000 -0.315908
-6.600000 0.200000 0.100000 -0.365460
-6.200000 0.200000 0.100000 -0.423775
-5.800000 0.200000 0.100000 -0.491706
-5.400000 0.200000 0.100000 -0.569242
-5.000000 0.200000 0.100000 -0.654317
-4.600000 0.200000 0.100000 -0.740466
-4.200000 0.200000 0.100000 -0.812397
-3.800000 0.200000 0.100000 -0.838367
-3.400000 0.200000 0.100000 -0.760137
-3.000000 0.200000 0.100000 -0.494317
-2.600000 0.200000 0.100000 0.006298
-2.200000 0.200000 0.100000 0.628543
-1.800000 0.200000 0.100000 1.158986
-1.400000 0.200000 0.100000 1.508710
-1.000000 0.200000 0.100000 1.714335
-0.600000 0.200000 0.100000 1.836438
-0.200000 0.200000 0.100000 1.918774
0.200000 0.200000 0.100000 1.984558
0.600000 0.200000 0.100000 2.038854
1.000000 0.200000 0.100000 2.067539
1.400000 0.200000 0.100000 2.031138
1.800000 0.200000 0.100000 1.858849
2.200000 0.200000 0.100000 1.472787
2.600000 0.200000 0.100000 0.894839
3.000000 0.200000 0.100000 0.317134
3.400000 0.200000 0.100000 -0.090016
3.800000 0.200000 0.100000 -0.313115
4.200000 0.200000 0.100000 -0.409452
4.600000 0.200000 0.100000 -0.433023
5.000000 0.200000 0.100000 -0.419100
5.400000 0.200000 0.100000 -0.388034
5.800000 0.200000 0.100000 -0.350847
6.200000 0.200000 0.100000 -0.313192
6.600000 0.200000 0.100000 -0.277761
7.000000 0.200000 0.100000 -0.245659
7.400000 0.200000 0.100000 -0.217169
7.800000 0.200000 0.100000 -0.192173
8.200000 0.200000 0.100000 -0.170375
8.600000 0.200000 0.100000 -0.151418
9.000000 0.200000 0.100000 -0.134939
9.400000 0.200000 0.100000 -0.120605
9.800000 0.200000 0.100000 -0.108115
-9.800000 0.600000 0.100000 -0.127826
-9.400000 0.600000 0.100000 -0.143980
-9.000000 0.600000 0.100000 -0.162858
-8.600000 0.600000 0.100000 -0.185018
-8.200000 0.600000 0.100000 -0.211148
-7.800000 0.600000 0.100000 -0.242085
-7.400000 0.600000 0.100000 -0.278846
-7.000000 0.600000 0.100000 -0.322642
-6.600000 0.600000 0.100000 -0.374866
-6.200000 0.600000 0.100000 -0.437031
-5.800000 0.600000 0.100000 -0.510556
-5.400000 0.600000 0.100000 -0.596274
-5.000000 0.600000 0.100000 -0.693355
-4.600000 0.600000 0.100000 -0.797076
-4.200000 0.600000 0.100000 -0.894443
-3.800000 0.600000 0.100000 -0.956358
-3.400000 0.600000 0.100000 -0.926841
-3.000000 0.600000 0.100000 -0.722964
-2.600000 0.600000 0.100000 -0.294600
-2.200000 0.600000 0.100000 0.251660
-1.800000 0.600000 0.100000 0.710478
-1.400000 0.600000 0.100000 0.999373
-1.000000 0.600000 0.100000 1.158074
-0.600000 0.600000 0.100000 1.247510
-0.200000 0.600000 0.100000 1.310560
0.200000 0.600000 0.100000 1.369647
0.600000 0.600000 0.100000 1.429827
1.000000 0.600000 0.100000 1.477907
1.400000 0.600000 0.100000 1.475829
1.800000 0.600000 0.100000 1.353555
2.200000 0.600000 0.100000 1.031594
2.600000 0.600000 0.100000 0.526655
3.000000 0.600000 0.100000 0.023004
3.400000 0.600000 0.100000 -0.316621
3.800000 0.600000 0.100000 -0.483326
4.200000 0.600000 0.100000 -0.535497
4.600000 0.600000 0.100000 -0.525904
5.000000 0.600000 0.100000 -0.487669
5.400000 0.600000 0.100000 -0.438976
5.800000 0.600000 0.100000 -0.389038
6.200000 0.600000 0.100000 -0.342128
6.600000 0.600000 0.100000 -0.299931
7.000000 0.600000 0.100000 -0.262838
7.400000 0.600000 0.100000 -0.230629
7.800000 0.600000 0.100000 -0.202832
8.200000 0.600000 0.100000 -0.178903
8.600000 0.600000 0.100000 -0.158305
9.000000 0.600000 0.100000 -0.140552
9.400000 0.600000 0.100000 -0.125218
9.800000 0.600000 0.100000 -0.111937
-9.800000 1.000000 0.100000 -0.127520
-9.400000 1.000000 0.100000 -0.143711
-9.000000 1.000000 0.100000 -0.162661
-8.600000 1.000000 0.100000 -0.184949
-8.200000 1.000000 0.100000 -0.211292
-7.800000 1.000000 0.100000 -0.242576
-7.400000 1.000000 0.100000 -0.279892
-7.000000 1.000000 0.100000 -0.324572
-6.600000 1.000000 0.100000 -0.378205
-6.200000 1.000000 0.100000 -0.442615
-5.800000 1.000000 0.100000 -0.519733
-5.400000 1.000000 0.100000 -0.611226
-5.000000 1.000000 0.100000 -0.717612
-4.600000 1.000000 0.100000 -0.836295
-4.200000 1.000000 0.100000 -0.957476
-3.800000 1.000000 0.100000 -1.056387
-3.400000 1.000000 0.100000 -1.081760
-3.000000 1.000000 0.100000 -0.953340
-2.600000 1.000000 0.100000 -0.617834
-2.200000 1.000000 0.100000 -0.171111
-1.800000 1.000000 0.100000 0.195420
-1.400000 1.000000 0.100000 0.409127
-1.000000 1.000000 0.100000 0.512642
-0.600000 1.000000 0.100000 0.565198
-0.200000 1.000000 0.100000 0.606783
0.200000 1.000000 0.100000 0.657839
0.600000 1.000000 0.100000 0.723238
1.000000 1.000000 0.100000 0.791600
1.400000 1.000000 0.100000 0.828250
1.800000 1.000000 0.100000 0.766407
2.200000 1.000000 0.100000 0.526256
2.600000 1.000000 0.100000 0.117117
3.000000 1.000000 0.100000 -0.290120
3.400000 1.000000 0.100000 -0.545363
3.800000 1.000000 0.100000 -0.645852
4.200000 1.000000 0.100000 -0.649699
4.600000 1.000000 0.100000 -0.606245
5.000000 1.000000 0.100000 -0.544700
5.400000 1.000000 0.100000 -0.480007
5.800000 1.000000 0.100000 -0.419017
6.200000 1.000000 0.100000 -0.364386
6.600000 1.000000 0.100000 -0.316720
7.000000 1.000000 0.100000 -0.275695
7.400000 1.000000 0.100000 -0.240616
7.800000 1.000000 0.100000 -0.210693
8.200000 1.000000 0.100000 -0.185166
8.600000 1.000000 0.100000 -0.163352
9.000000 1.000000 0.100000 -0.144661
9.400000 1.000000 0.100000 -0.128596
9.800000 1.000000 0.100000 -0.114737
-9.800000 1.400000 0.100000 -0.126156
-9.400000 1.400000 0.100000 -0.142156
-9.000000 1.400000 0.100000 -0.160891
-8.600000 1.400000 0.100000 -0.182941
-8.200000 1.400000 0.100000 -0.209029
-7.800000 1.400000 0.100000 -0.240058
-7.400000 1.400000 0.100000 -0.277151
-7.000000 1.400000 0.100000 -0.321702
-6.600000 1.400000 0.100000 -0.375421
-6.200000 1.400000 0.100000 -0.440356
-5.800000 1.400000 0.100000 -0.518846
-5.400000 1.400000 0.100000 -0.613304
-5.000000 1.400000 0.100000 -0.725590
-4.600000 1.400000 0.100000 -0.855490
-4.200000 1.400000 0.100000 -0.997274
-3.800000 1.400000 0.100000 -1.132622
-3.400000 1.400000 0.100000 -1.218913
-3.000000 1.400000 0.100000 -1.183371
-2.600000 1.400000 0.100000 -0.970682
-2.200000 1.400000 0.100000 -0.658637
-1.800000 1.400000 0.100000 -0.413376
-1.400000 1.400000 0.100000 -0.292381
-1.000000 1.400000 0.100000 -0.252191
-0.600000 1.400000 0.100000 -0.239579
-0.200000 1.400000 0.100000 -0.220716
0.200000 1.400000 0.100000 -0.178806
0.600000 1.400000 0.100000 -0.109453
1.000000 1.400000 0.100000 -0.021109
1.400000 1.400000 0.100000 0.057859
1.800000 1.400000 0.100000 0.068619
2.200000 1.400000 0.100000 -0.065175
2.600000 1.400000 0.100000 -0.344464
3.000000 1.400000 0.100000 -0.622377
3.400000 1.400000 0.100000 -0.770721
3.800000 1.400000 0.100000 -0.794057
4.200000 1.400000 0.100000 -0.746476
4.600000 1.400000 0.100000 -0.669983
5.000000 1.400000 0.100000 -0.587421
5.400000 1.400000 0.100000 -0.509279
5.800000 1.400000 0.100000 -0.439557
6.200000 1.400000 0.100000 -0.379148
6.600000 1.400000 0.100000 -0.327576
7.000000 1.400000 0.100000 -0.283850
7.400000 1.400000 0.100000 -0.246865
7.800000 1.400000 0.100000 -0.215567
8.200000 1.400000 0.100000 -0.189029
8.600000 1.400000 0.100000 -0.166457
9.000000 1.400000 0.100000 -0.147190
9.400000 1.400000 0.100000 -0.130679
9.800000 1.400000 0.100000 -0.116471
-9.800000 1.800000 0.100000 -0.123790
-9.400000 1.800000 0.100000 -0.139385
-9.000000 1.800000 0.100000 -0.157634
-8.600000 1.800000 0.100000 -0.179101
-8.200000 1.800000 0.100000 -0.204492
-7.800000 1.800000 0.100000 -0.234693
-7.400000 1.800000 0.100000 -0.270814
-7.000000 1.800000 0.100000 -0.314252
-6.600000 1.800000 0.100000 -0.366750
-6.200000 1.800000 0.100000 -0.430460
-5.800000 1.800000 0.100000 -0.507974
-5.400000 1.800000 0.100000 -0.602246
-5.000000 1.800000 0.100000 -0.716266
-4.600000 1.800000 0.100000 -0.852081
-4.200000 1.800000 0.100000 -1.008363
-3.800000 1.800000 0.100000 -1.174910
-3.400000 1.800000 0.100000 -1.322347
-3.000000 1.800000 0.100000 -1.393502
-2.600000 1.800000 0.100000 -1.336137
-2.200000 1.800000 0.100000 -1.199518
-1.800000 1.800000 0.100000 -1.105578
-1.400000 1.800000 0.100000 -1.090770
-1.000000 1.800000 0.100000 -1.116858
-0.600000 1.800000 0.100000 -1.143348
-0.200000 1.800000 0.100000 -1.146324
0.200000 1.800000 0.100000 -1.114210
0.600000 1.800000 0.100000 -1.043427
1.000000 1.800000 0.100000 -0.938661
1.400000 1.800000 0.100000 -0.818956
1.800000 1.800000 0.100000 -0.728536
2.200000 1.800000 0.100000 -0.732066
2.600000 1.800000 0.100000 -0.842325
3.000000 1.800000 0.100000 -0.953947
3.400000 1.800000 0.100000 -0.974754
3.800000 1.800000 0.100000 -0.915094
4.200000 1.800000 0.100000 -0.817790
4.600000 1.800000 0.100000 -0.712426
5.000000 1.800000 0.100000 -0.613178
5.400000 1.800000 0.100000 -0.525310
5.800000 1.800000 0.100000 -0.449830
6.200000 1.800000 0.100000 -0.385945
6.600000 1.800000 0.100000 -0.332227
7.000000 1.800000 0.100000 -0.287145
7.400000 1.800000 0.100000 -0.249278
7.800000 1.800000 0.100000 -0.217393
8.200000 1.800000 0.100000 -0.190451
8.600000 1.800000 0.100000 -0.167595
9.000000 1.800000 0.100000 -0.148121
9.400000 1.800000 0.100000 -0.131455
9.800000 1.800000 0.100000 -0.117128
-9.800000 2.200000 0.100000 -0.120506
-9.400000 2.200000 0.100000 -0.135503
-9.000000 2.200000 0.100000 -0.153022
-8.600000 2.200000 0.100000 -0.173598
-8.200000 2.200000 0.100000 -0.197896
-7.800000 2.200000 0.100000 -0.226755
-7.400000 2.200000 0.100000 -0.261230
-7.000000 2.200000 0.100000 -0.302657
-6.600000 2.200000 0.100000 -0.352724
-6.200000 2.200000 0.100000 -0.413553
-5.800000 2.200000 0.100000 -0.487784
-5.400000 2.200000 0.100000 -0.578615
-5.000000 2.200000 0.100000 -0.689709
-4.600000 2.200000 0.100000 -0.824744
-4.200000 2.200000 0.100000 -0.986062
-3.800000 2.200000 0.100000 -1.171301
-3.400000 2.200000 0.100000 -1.366353
-3.000000 2.200000 0.100000 -1.537085
-2.600000 2.200000 0.100000 -1.643702
-2.200000 2.200000 0.100000 -1.699773
-1.800000 2.200000 0.100000 -1.764060
-1.400000 2.200000 0.100000 -1.850149
-1.000000 2.200000 0.100000 -1.933544
-0.600000 2.200000 0.100000 -1.991842
-0.200000 2.200000 0.100000 -2.012767
0.200000 2.200000 0.100000 -1.990364
0.600000 2.200000 0.100000 -1.922112
1.000000 2.200000 0.100000 -1.809131
1.400000 2.200000 0.100000 -1.660304
1.800000 2.200000 0.100000 -1.500628
2.200000 2.200000 0.100000 -1.373051
2.600000 2.200000 0.100000 -1.298685
3.000000 2.200000 0.100000 -1.230518
3.400000 2.200000 0.100000 -1.124612
3.800000 2.200000 0.100000 -0.991369
4.200000 2.200000 0.100000 -0.854914
4.600000 2.200000 0.100000 -0.729466
5.000000 2.200000 0.100000 -0.620141
5.400000 2.200000 0.100000 -0.527352
5.800000 2.200000 0.100000 -0.449587
6.200000 2.200000 0.100000 -0.384747
6.600000 2.200000 0.100000 -0.330732
7.000000 2.200000 0.100000 -0.285663
7.400000 2.200000 0.100000 -0.247942
7.800000 2.200000 0.100000 -0.216246
8.200000 2.200000 0.100000 -0.189496
8.600000 2.200000 0.100000 -0.166815
9.000000 2.200000 0.100000 -0.147493
9.400000 2.200000 0.100000 -0.130955
9.800000 2.200000 0.100000 -0.116734
-9.800000 2.600000 0.100000 -0.116411
-9.400000 2.600000 0.100000 -0.130646
-9.000000 2.600000 0.100000 -0.147231
-8.600000 2.600000 0.100000 -0.166655
-8.200000 2.600000 0.100000 -0.189528
-7.800000 2.600000 0.100000 -0.216614
-7.400000 2.600000 0.100000 -0.248879
-7.000000 2.600000 0.100000 -0.287542
-6.600000 2.600000 0.100000 -0.334153
-6.200000 2.600000 0.100000 -0.390676
-5.800000 2.600000 0.100000 -0.459594
-5.400000 2.600000 0.100000 -0.544002
-5.000000 2.600000 0.100000 -0.647658
-4.600000 2.600000 0.100000 -0.774863
-4.200000 2.600000 0.100000 -0.929897
-3.800000 2.600000 0.100000 -1.115382
-3.400000 2.600000 0.100000 -1.328555
-3.000000 2.600000 0.100000 -1.555692
-2.600000 2.600000 0.100000 -1.773281
-2.200000 2.600000 0.100000 -1.968010
-1.800000 2.600000 0.100000 -2.142894
-1.400000 2.600000 0.100000 -2.294286
-1.000000 2.600000 0.100000 -2.411910
-0.600000 2.600000 0.100000 -2.488587
-0.200000 2.600000 0.100000 -2.520976
0.200000 2.600000 0.100000 -2.507336
0.600000 2.600000 0.100000 -2.446193
1.000000 2.600000 0.100000 -2.336557
1.400000 2.600000 0.100000 -2.180148
1.800000 2.600000 0.100000 -1.986274
2.200000 2.600000 0.100000 -1.775959
2.600000 2.600000 0.100000 -1.571257
3.000000 2.600000 0.100000 -1.375133
3.400000 2.600000 0.100000 -1.185117
3.800000 2.600000 0.100000 -1.008460
4.200000 2.600000 0.100000 -0.852507
4.600000 2.600000 0.100000 -0.719503
5.000000 2.600000 0.100000 -0.608166
5.400000 2.600000 0.100000 -0.515773
5.800000 2.600000 0.100000 -0.439321
6.200000 2.600000 0.100000 -0.376027
6.600000 2.600000 0.100000 -0.323494
7.000000 2.600000 0.100000 -0.279731
7.400000 2.600000 0.100000 -0.243113
7.800000 2.600000 0.100000 -0.212328
8.200000 2.600000 0.100000 -0.186319
8.600000 2.600000 0.100000 -0.164238
9.000000 2.600000 0.100000 -0.145400
9.400000 2.600000 0.100000 -0.129251
9.800000 2.600000 0.100000 -0.115344
-9.800000 3.000000 0.100000 -0.111630
-9.400000 3.000000 0.100000 -0.124972
-9.000000 3.000000 0.100000 -0.140461
-8.600000 3.000000 0.100000 -0.158531
-8.200000 3.000000 0.100000 -0.179723
-7.800000 3.000000 0.100000 -0.204711
-7.400000 3.000000 0.100000 -0.234339
-7.000000 3.000000 0.100000 -0.269673
-6.600000 3.000000 0.100000 -0.312062
-6.200000 3.000000 0.100000 -0.363213
-5.800000 3.000000 0.100000 -0.425282
-5.400000 3.000000 0.100000 -0.500974
-5.000000 3.000000 0.100000 -0.593623
-4.600000 3.000000 0.100000 -0.707185
-4.200000 3.000000 0.100000 -0.845998
-3.800000 3.000000 0.100000 -1.013956
-3.400000 3.000000 0.100000 -1.212512
-3.000000 3.000000 0.100000 -1.437079
-2.600000 3.000000 0.100000 -1.673860
-2.200000 3.000000 0.100000 -1.902808
-1.800000 3.000000 0.100000 -2.105991
-1.400000 3.000000 0.100000 -2.271998
-1.000000 3.000000 0.100000 -2.395610
-0.600000 3.000000 0.100000 -2.475605
-0.200000 3.000000 0.100000 -2.512268
0.200000 3.000000 0.100000 -2.505737
0.600000 3.000000 0.100000 -2.455318
1.000000 3.000000 0.100000 -2.359669
1.400000 3.000000 0.100000 -2.218058
1.800000 3.000000 0.100000 -2.033202
2.200000 3.000000 0.100000 -1.815231
2.600000 3.000000 0.100000 -1.582528
3.000000 3.000000 0.100000 -1.355083
3.400000 3.000000 0.100000 -1.147224
3.800000 3.000000 0.100000 -0.966007
4.200000 3.000000 0.100000 -0.812631
4.600000 3.000000 0.100000 -0.684903
5.000000 3.000000 0.100000 -0.579318
5.400000 3.000000 0.100000 -0.492221
5.800000 3.000000 0.100000 -0.420302
6.200000 3.000000 0.100000 -0.360748
6.600000 3.000000 0.100000 -0.311239
7.000000 3.000000 0.100000 -0.269896
7.400000 3.000000 0.100000 -0.235204
7.800000 3.000000 0.100000 -0.205950
8.200000 3.000000 0.100000 -0.181158
8.600000 3.000000 0.100000 -0.160046
9.000000 3.000000 0.100000 -0.141980
9.400000 3.000000 0.100000 -0.126451
9.800000 3.000000 0.100000 -0.113041
-9.800000 3.400000 0.100000 -0.106298
-9.400000 3.400000 0.100000 -0.118652
-9.000000 3.400000 0.100000 -0.132930
-8.600000 3.400000 0.100000 -0.149507
-8.200000 3.400000 0.100000 -0.168846
-7.800000 3.400000 0.100000 -0.191519
-7.400000 3.400000 0.100000 -0.218238
-7.000000 3.400000 0.100000 -0.249893
-6.600000 3.400000 0.100000 -0.287595
-6.200000 3.400000 0.100000 -0.332738
-5.800000 3.400000 0.100000 -0.387060
-5.400000 3.400000 0.100000 -0.452710
-5.000000 3.400000 0.100000 -0.532295
-4.600000 3.400000 0.100000 -0.628859
-4.200000 3.400000 0.100000 -0.745679
-3.800000 3.400000 0.100000 -0.885684
-3.400000 3.400000 0.100000 -1.050116
-3.000000 3.400000 0.100000 -1.236213
-2.600000 3.400000 0.100000 -1.434710
-2.200000 3.400000 0.100000 -1.630169
-1.800000 3.400000 0.100000 -1.806240
-1.400000 3.400000 0.100000 -1.951530
-1.000000 3.400000 0.100000 -2.060852
-0.600000 3.400000 0.100000 -2.132984
-0.200000 3.400000 0.100000 -2.168207
0.200000 3.400000 0.100000 -2.166822
0.600000 3.400000 0.100000 -2.128554
1.000000 3.400000 0.100000 -2.052659
1.400000 3.400000 0.100000 -1.938768
1.800000 3.400000 0.100000 -1.788727
2.200000 3.400000 0.100000 -1.609272
2.600000 3.400000 0.100000 -1.413621
3.000000 3.400000 0.100000 -1.218604
3.400000 3.400000 0.100000 -1.038221
3.800000 3.400000 0.100000 -0.879786
4.200000 3.400000 0.100000 -0.744833
4.600000 3.400000 0.100000 -0.631716
5.000000 3.400000 0.100000 -0.537583
5.400000 3.400000 0.100000 -0.459407
5.800000 3.400000 0.100000 -0.394421
6.200000 3.400000 0.100000 -0.340255
6.600000 3.400000 0.100000 -0.294940
7.000000 3.400000 0.100000 -0.256871
7.400000 3.400000 0.100000 -0.224745
7.800000 3.400000 0.100000 -0.197509
8.200000 3.400000 0.100000 -0.174312
8.600000 3.400000 0.100000 -0.154465
9.000000 3.400000 0.100000 -0.137409
9.400000 3.400000 0.100000 -0.122689
9.800000 3.400000 0.100000 -0.109931
-9.800000 3.800000 0.100000 -0.100554
-9.400000 3.800000 0.100000 -0.111862
-9.000000 3.800000 0.100000 -0.124861
-8.600000 3.800000 0.100000 -0.139867
-8.200000 3.800000 0.100000 -0.157263
-7.800000 3.800000 0.100000 -0.177518
-7.400000 3.800000 0.100000 -0.201209
-7.000000 3.800000 0.100000 -0.229044
-6.600000 3.800000 0.100000 -0.261895
-6.200000 3.800000 0.100000 -0.300832
-5.800000 3.800000 0.100000 -0.347158
-5.400000 3.800000 0.100000 -0.402440
-5.000000 3.800000 0.100000 -0.468504
-4.600000 3.800000 0.100000 -0.547373
-4.200000 3.800000 0.100000 -0.641060
-3.800000 3.800000 0.100000 -0.751099
-3.400000 3.800000 0.100000 -0.877662
-3.000000 3.800000 0.100000 -1.018283
-2.600000 3.800000 0.100000 -1.166709
-2.200000 3.800000 0.100000 -1.313222
-1.800000 3.800000 0.100000 -1.447181
-1.400000 3.800000 0.100000 -1.560160
-1.000000 3.800000 0.100000 -1.647257
-0.600000 3.800000 0.100000 -1.706390
-0.200000 3.800000 0.100000 -1.736968
0.200000 3.800000 0.100000 -1.738878
0.600000 3.800000 0.100000 -1.711992
1.000000 3.800000 0.100000 -1.656199
1.400000 3.800000 0.100000 -1.571940
1.800000 3.800000 0.100000 -1.461276
2.200000 3.800000 0.100000 -1.329225
2.600000 3.800000 0.100000 -1.184365
3.000000 3.800000 0.100000 -1.037379
3.400000 3.800000 0.100000 -0.897867
3.800000 3.800000 0.100000 -0.771914
4.200000 3.800000 0.100000 -0.661905
4.600000 3.800000 0.100000 -0.567702
5.000000 3.800000 0.100000 -0.487885
5.400000 3.800000 0.100000 -0.420579
5.800000 3.800000 0.100000 -0.363890
6.200000 3.800000 0.100000 -0.316095
6.600000 3.800000 0.100000 -0.275704
7.000000 3.800000 0.100000 -0.241462
7.400000 3.800000 0.100000 -0.212330
7.800000 3.800000 0.100000 -0.187449
8.200000 3.800000 0.100000 -0.166116
8.600000 3.800000 0.100000 -0.147753
9.000000 3.800000 0.100000 -0.131884
9.400000 3.800000 0.100000 -0.118118
9.800000 3.800000 0.100000 -0.106132
-9.800000 4.200000 0.100000 -0.094535
-9.400000 4.200000 0.100000 -0.104771
-9.000000 4.200000 0.100000 -0.116469
-8.600000 4.200000 0.100000 -0.129883
-8.200000 4.200000 0.100000 -0.145322
-7.800000 4.200000 0.100000 -0.163157
-7.400000 4.200000 0.100000 -0.183836
-7.000000 4.200000 0.100000 -0.207900
-6.600000 4.200000 0.100000 -0.235997
-6.200000 4.200000 0.100000 -0.268904
-5.800000 4.200000 0.100000 -0.307535
-5.400000 4.200000 0.100000 -0.352941
-5.000000 4.200000 0.100000 -0.406284
-4.600000 4.200000 0.100000 -0.468750
-4.200000 4.200000 0.100000 -0.541369
-3.800000 4.200000 0.100000 -0.624685
-3.400000 4.200000 0.100000 -0.718254
-3.000000 4.200000 0.100000 -0.820029
-2.600000 4.200000 0.100000 -0.925964
-2.200000 4.200000 0.100000 -1.030280
-1.800000 4.200000 0.100000 -1.126603
-1.400000 4.200000 0.100000 -1.209378
-1.000000 4.200000 0.100000 -1.274722
-0.600000 4.200000 0.100000 -1.320399
-0.200000 4.200000 0.100000 -1.345327
0.200000 4.200000 0.100000 -1.349059
0.600000 4.200000 0.100000 -1.331481
1.000000 4.200000 0.100000 -1.292800
1.400000 4.200000 0.100000 -1.233821
1.800000 4.200000 0.100000 -1.156458
2.200000 4.200000 0.100000 -1.064267
2.600000 4.200000 0.100000 -0.962554
3.000000 4.200000 0.100000 -0.857653
3.400000 4.200000 0.100000 -0.755535
3.800000 4.200000 0.100000 -0.660577
4.200000 4.200000 0.100000 -0.575174
4.600000 4.200000 0.100000 -0.500068
5.000000 4.200000 0.100000 -0.434937
5.400000 4.200000 0.100000 -0.378907
5.800000 4.200000 0.100000 -0.330899
6.200000 4.200000 0.100000 -0.289817
6.600000 4.200000 0.100000 -0.254645
7.000000 4.200000 0.100000 -0.224487
7.400000 4.200000 0.100000 -0.198567
7.800000 4.200000 0.100000 -0.176229
8.200000 4.200000 0.100000 -0.156921
8.600000 4.200000 0.100000 -0.140178
9.000000 4.200000 0.100000 -0.125613
9.400000 4.200000 0.100000 -0.112903
9.800000 4.200000 0.100000 -0.101775
-9.800000 4.600000 0.100000 -0.088368
-9.400000 4.600000 0.100000 -0.097539
-9.000000 4.600000 0.100000 -0.107950
-8.600000 4.600000 0.100000 -0.119802
-8.200000 4.600000 0.100000 -0.133335
-7.800000 4.600000 0.100000 -0.148832
-7.400000 4.600000 0.100000 -0.166627
-7.000000 4.600000 0.100000 -0.187115
-6.600000 4.600000 0.100000 -0.210757
-6.200000 4.600000 0.100000 -0.238085
-5.800000 4.600000 0.100000 -0.269698
-5.400000 4.600000 0.100000 -0.306252
-5.000000 4.600000 0.100000 -0.348418
-4.600000 4.600000 0.100000 -0.396809
-4.200000 4.600000 0.100000 -0.451850
-3.800000 4.600000 0.100000 -0.513572
-3.400000 4.600000 0.100000 -0.581359
-3.000000 4.600000 0.100000 -0.653685
-2.600000 4.600000 0.100000 -0.727996
-2.200000 4.600000 0.100000 -0.800878
-1.800000 4.600000 0.100000 -0.868552
-1.400000 4.600000 0.100000 -0.927512
-1.000000 4.600000 0.100000 -0.974985
-0.600000 4.600000 0.100000 -1.009081
-0.200000 4.600000 0.100000 -1.028674
0.200000 4.600000 0.100000 -1.033203
0.600000 4.600000 0.100000 -1.022529
1.000000 4.600000 0.100000 -0.996916
1.400000 4.600000 0.100000 -0.957140
1.800000 4.600000 0.100000 -0.904695
2.200000 4.600000 0.100000 -0.841956
2.600000 4.600000 0.100000 -0.772156
3.000000 4.600000 0.100000 -0.699030
3.400000 4.600000 0.100000 -0.626210
3.800000 4.600000 0.100000 -0.556645
4.200000 4.600000 0.100000 -0.492293
4.600000 4.600000 0.100000 -0.434152
5.000000 4.600000 0.100000 -0.382475
5.400000 4.600000 0.100000 -0.337035
5.800000 4.600000 0.100000 -0.297343
6.200000 4.600000 0.100000 -0.262800
6.600000 4.600000 0.100000 -0.232784
7.000000 4.600000 0.100000 -0.206707
7.400000 4.600000 0.100000 -0.184034
7.800000 4.600000 0.100000 -0.164291
8.200000 4.600000 0.100000 -0.147067
8.600000 4.600000 0.100000 -0.132006
9.000000 4.600000 0.100000 -0.118805
9.400000 4.600000 0.100000 -0.107206
9.800000 4.600000 0.100000 -0.096988
-9.800000 5.000000 0.100000 -0.082169
-9.400000 5.000000 0.100000 -0.090307
-9.000000 5.000000 0.100000 -0.099478
-8.600000 5.000000 0.100000 -0.109838
-8.200000 5.000000 0.100000 -0.121565
-7.800000 5.000000 0.100000 -0.134868
-7.400000 5.000000 0.100000 -0.149988
-7.000000 5.000000 0.100000 -0.167200
-6.600000 5.000000 0.100000 -0.186814
-6.200000 5.000000 0.100000 -0.209175
-5.800000 5.000000 0.100000 -0.234652
-5.400000 5.000000 0.100000 -0.263622
-5.000000 5.000000 0.100000 -0.296435
-4.600000 5.000000 0.100000 -0.333359
-4.200000 5.000000 0.100000 -0.374500
-3.800000 5.000000 0.100000 -0.419687
-3.400000 5.000000 0.100000 -0.468354
-3.000000 5.000000 0.100000 -0.519432
-2.600000 5.000000 0.100000 -0.571323
-2.200000 5.000000 0.100000 -0.621990
-1.800000 5.000000 0.100000 -0.669176
-1.400000 5.000000 0.100000 -0.710694
-1.000000 5.000000 0.100000 -0.744674
-0.600000 5.000000 0.100000 -0.769697
-0.200000 5.000000 0.100000 -0.784816
0.200000 5.000000 0.100000 -0.789502
0.600000 5.000000 0.100000 -0.783598
1.000000 5.000000 0.100000 -0.767303
1.400000 5.000000 0.100000 -0.741205
1.800000 5.000000 0.100000 -0.706343
2.200000 5.000000 0.100000 -0.664242
2.600000 5.000000 0.100000 -0.616861
3.000000 5.000000 0.100000 -0.566425
3.400000 5.000000 0.100000 -0.515151
3.800000 5.000000 0.100000 -0.464972
4.200000 5.000000 0.100000 -0.417346
4.600000 5.000000 0.100000 -0.373204
5.000000 5.000000 0.100000 -0.333012
5.400000 5.000000 0.100000 -0.296879
5.800000 5.000000 0.100000 -0.264681
6.200000 5.000000 0.100000 -0.236155
6.600000 5.000000 0.100000 -0.210970
7.000000 5.000000 0.100000 -0.188779
7.400000 5.000000 0.100000 -0.169239
7.800000 5.000000 0.100000 -0.152032
8.200000 5.000000 0.100000 -0.136865
8.600000 5.000000 0.100000 -0.123483
9.000000 5.000000 0.100000 -0.111655
9.400000 5.000000 0.100000 -0.101185
9.800000 5.000000 0.100000 -0.091897
-9.800000 5.400000 0.100000 -0.076040
-9.400000 5.400000 0.100000 -0.083195
-9.000000 5.400000 0.100000 -0.091198
-8.600000 5.400000 0.100000 -0.100163
-8.200000 5.400000 0.100000 -0.110220
-7.800000 5.400000 0.100000 -0.121518
-7.400000 5.400000 0.100000 -0.134221
-7.000000 5.400000 0.100000 -0.148512
-6.600000 5.400000 0.100000 -0.164590
-6.200000 5.400000 0.100000 -0.182665
-5.800000 5.400000 0.100000 -0.202947
-5.400000 5.400000 0.100000 -0.225634
-5.000000 5.400000 0.100000 -0.250883
-4.600000 5.400000 0.100000 -0.278778
-4.200000 5.400000 0.100000 -0.309280
-3.800000 5.400000 0.100000 -0.342173
-3.400000 5.400000 0.100000 -0.377011
-3.000000 5.400000 0.100000 -0.413070
-2.600000 5.400000 0.100000 -0.449353
-2.200000 5.400000 0.100000 -0.484629
-1.800000 5.400000 0.100000 -0.517534
-1.400000 5.400000 0.100000 -0.546709
-1.000000 5.400000 0.100000 -0.570927
-0.600000 5.400000 0.100000 -0.589194
-0.200000 5.400000 0.100000 -0.600788
0.200000 5.400000 0.100000 -0.605273
0.600000 5.400000 0.100000 -0.602490
1.000000 5.400000 0.100000 -0.592548
1.400000 5.400000 0.100000 -0.575832
1.800000 5.400000 0.100000 -0.553010
2.200000 5.400000 0.100000 -0.525028
2.600000 5.400000 0.100000 -0.493071
3.000000 5.400000 0.100000 -0.458478
3.400000 5.400000 0.100000 -0.422612
3.800000 5.400000 0.100000 -0.386730
4.200000 5.400000 0.100000 -0.351865
4.600000 5.400000 0.100000 -0.318779
5.000000 5.400000 0.100000 -0.287955
5.400000 5.400000 0.100000 -0.259642
5.800000 5.400000 0.100000 -0.233906
6.200000 5.400000 0.100000 -0.210689
6.600000 5.400000 0.100000 -0.189855
7.000000 5.400000 0.100000 -0.171225
7.400000 5.400000 0.100000 -0.154602
7.800000 5.400000 0.100000 -0.139787
8.200000 5.400000 0.100000 -0.126589
8.600000 5.400000 0.100000 -0.114828
9.000000 5.400000 0.100000 -0.104342
9.400000 5.400000 0.100000 -0.094984
9.800000 5.400000 0.100000 -0.086622
-9.800000 5.800000 0.100000 -0.070063
-9.400000 5.800000 0.100000 -0.076303
-9.000000 5.800000 0.100000 -0.083225
-8.600000 5.800000 0.100000 -0.090913
-8.200000 5.800000 0.100000 -0.099457
-7.800000 5.800000 0.100000 -0.108959
-7.400000 5.800000 0.100000 -0.119525
-7.000000 5.800000 0.100000 -0.131272
-6.600000 5.800000 0.100000 -0.144319
-6.200000 5.800000 0.100000 -0.158783
-5.800000 5.800000 0.100000 -0.174775
-5.400000 5.800000 0.100000 -0.192383
-5.000000 5.800000 0.100000 -0.211658
-4.600000 5.800000 0.100000 -0.232597
-4.200000 5.800000 0.100000 -0.255112
-3.800000 5.800000 0.100000 -0.279008
-3.400000 5.800000 0.100000 -0.303956
-3.000000 5.800000 0.100000 -0.329479
-2.600000 5.800000 0.100000 -0.354954
-2.200000 5.800000 0.100000 -0.379629
-1.800000 5.800000 0.100000 -0.402675
-1.400000 5.800000 0.100000 -0.423246
-1.000000 5.800000 0.100000 -0.440551
-0.600000 5.800000 0.100000 -0.453915
-0.200000 5.800000 0.100000 -0.462821
0.200000 5.800000 0.100000 -0.466932
0.600000 5.800000 0.100000 -0.466098
1.000000 5.800000 0.100000 -0.460355
1.400000 5.800000 0.100000 -0.449926
1.800000 5.800000 0.100000 -0.435212
2.200000 5.800000 0.100000 -0.416783
2.600000 5.800000 0.100000 -0.395348
3.000000 5.800000 0.100000 -0.371717
3.400000 5.800000 0.100000 -0.346735
3.800000 5.800000 0.100000 -0.321214
4.200000 5.800000 0.100000 -0.295871
4.600000 5.800000 0.100000 -0.271286
5.000000 5.800000 0.100000 -0.247884
5.400000 5.800000 0.100000 -0.225939
5.800000 5.800000 0.100000 -0.205604
6.200000 5.800000 0.100000 -0.186928
6.600000 5.800000 0.100000 -0.169893
7.000000 5.800000 0.100000 -0.154431
7.400000 5.800000 0.100000 -0.140447
7.800000 5.800000 0.100000 -0.127829
8.200000 5.800000 0.100000 -0.116461
8.600000 5.800000 0.100000 -0.106228
9.000000 5.800000 0.100000 -0.097019
9.400000 5.800000 0.100000 -0.088730
9.800000 5.800000 0.100000 -0.081267
-9.800000 6.200000 0.100000 -0.064307
-9.400000 6.200000 0.100000 -0.069705
-9.000000 6.200000 0.100000 -0.075644
-8.600000 6.200000 0.100000 -0.082182
-8.200000 6.200000 0.100000 -0.089380
-7.800000 6.200000 0.100000 -0.097302
-7.400000 6.200000 0.100000 -0.106015
-7.000000 6.200000 0.100000 -0.115587
-6.600000 6.200000 0.100000 -0.126083
-6.200000 6.200000 0.100000 -0.137564
-5.800000 6.200000 0.100000 -0.150077
-5.400000 6.200000 0.100000 -0.163650
-5.000000 6.200000 0.100000 -0.178285
-4.600000 6.200000 0.100000 -0.193940
-4.200000 6.200000 0.100000 -0.210525
-3.800000 6.200000 0.100000 -0.227884
-3.400000 6.200000 0.100000 -0.245788
-3.000000 6.200000 0.100000 -0.263928
-2.600000 6.200000 0.100000 -0.281914
-2.200000 6.200000 0.100000 -0.299286
-1.800000 6.200000 0.100000 -0.315536
-1.400000 6.200000 0.100000 -0.330139
-1.000000 6.200000 0.100000 -0.342589
-0.600000 6.200000 0.100000 -0.352438
-0.200000 6.200000 0.100000 -0.359325
0.200000 6.200000 0.100000 -0.362998
0.600000 6.200000 0.100000 -0.363323
1.000000 6.200000 0.100000 -0.360290
1.400000 6.200000 0.100000 -0.354007
1.800000 6.200000 0.100000 -0.344700
2.200000 6.200000 0.100000 -0.332698
2.600000 6.200000 0.100000 -0.318419
3.000000 6.200000 0.100000 -0.302351
3.400000 6.200000 0.100000 -0.285018
3.800000 6.200000 0.100000 -0.266944
4.200000 6.200000 0.100000 -0.248619
4.600000 6.200000 0.100000 -0.230467
5.000000 6.200000 0.100000 -0.212831
5.400000 6.200000 0.100000 -0.195965
5.800000 6.200000 0.100000 -0.180042
6.200000 6.200000 0.100000 -0.165161
6.600000 6.200000 0.100000 -0.151366
7.000000 6.200000 0.100000 -0.138657
7.400000 6.200000 0.100000 -0.127004
7.800000 6.200000 0.100000 -0.116358
8.200000 6.200000 0.100000 -0.106656
8.600000 6.200000 0.100000 -0.097831
9.000000 6.200000 0.100000 -0.089812
9.400000 6.200000 0.100000 -0.082532
9.800000 6.200000 0.100000 -0.075923
-9.800000 6.600000 0.100000 -0.058821
-9.400000 6.600000 0.100000 -0.063456
-9.000000 6.600000 0.100000 -0.068515
-8.600000 6.600000 0.100000 -0.074033
-8.200000 6.600000 0.100000 -0.080050
-7.800000 6.600000 0.100000 -0.086603
-7.400000 6.600000 0.100000 -0.093732
-7.000000 6.600000 0.100000 -0.101473
-6.600000 6.600000 0.100000 -0.109856
-6.200000 6.600000 0.100000 -0.118907
-5.800000 6.600000 0.100000 -0.128638
-5.400000 6.600000 0.100000 -0.139048
-5.000000 6.600000 0.100000 -0.150115
-4.600000 6.600000 0.100000 -0.161791
-4.200000 6.600000 0.100000 -0.173999
-3.800000 6.600000 0.100000 -0.186625
-3.400000 6.600000 0.100000 -0.199513
-3.000000 6.600000 0.100000 -0.212466
-2.600000 6.600000 0.100000 -0.225244
-2.200000 6.600000 0.100000 -0.237565
-1.800000 6.600000 0.100000 -0.249119
-1.400000 6.600000 0.100000 -0.259579
-1.000000 6.600000 0.100000 -0.268623
-0.600000 6.600000 0.100000 -0.275957
-0.200000 6.600000 0.100000 -0.281333
0.200000 6.600000 0.100000 -0.284565
0.600000 6.600000 0.100000 -0.285538
1.000000 6.600000 0.100000 -0.284215
1.400000 6.600000 0.100000 -0.280635
1.800000 6.600000 0.100000 -0.274910
2.200000 6.600000 0.100000 -0.267218
2.600000 6.600000 0.100000 -0.257802
3.000000 6.600000 0.100000 -0.246950
3.400000 6.600000 0.100000 -0.234984
3.800000 6.600000 0.100000 -0.222242
4.200000 6.600000 0.100000 -0.209053
4.600000 6.600000 0.100000 -0.195722
5.000000 6.600000 0.100000 -0.182512
5.400000 6.600000 0.100000 -0.169638
5.800000 6.600000 0.100000 -0.157261
6.200000 6.600000 0.100000 -0.145496
6.600000 6.600000 0.100000 -0.134415
7.000000 6.600000 0.100000 -0.124055
7.400000 6.600000 0.100000 -0.114426
7.800000 6.600000 0.100000 -0.105516
8.200000 6.600000 0.100000 -0.097303
8.600000 6.600000 0.100000 -0.089752
9.000000 6.600000 0.100000 -0.082824
9.400000 6.600000 0.100000 -0.076477
9.800000 6.600000 0.100000 -0.070667
-9.800000 7.000000 0.100000 -0.053640
-9.400000 7.000000 0.100000 -0.057594
-9.000000 7.000000 0.100000 -0.061872
-8.600000 7.000000 0.100000 -0.066497
-8.200000 7.000000 0.100000 -0.071491
-7.800000 7.000000 0.100000 -0.076875
-7.400000 7.000000 0.100000 -0.082668
-7.000000 7.000000 0.100000 -0.088886
-6.600000 7.000000 0.100000 -0.095539
-6.200000 7.000000 0.100000 -0.102633
-5.800000 7.000000 0.100000 -0.110162
-5.400000 7.000000 0.100000 -0.118113
-5.000000 7.000000 0.100000 -0.126457
-4.600000 7.000000 0.100000 -0.135152
-4.200000 7.000000 0.100000 -0.144138
-3.800000 7.000000 0.100000 -0.153336
-3.400000 7.000000 0.100000 -0.162645
-3.000000 7.000000 0.100000 -0.171941
-2.600000 7.000000 0.100000 -0.181079
-2.200000 7.000000 0.100000 -0.189888
-1.800000 7.000000 0.100000 -0.198178
-1.400000 7.000000 0.100000 -0.205748
-1.000000 7.000000 0.100000 -0.212394
-0.600000 7.000000 0.100000 -0.217923
-0.200000 7.000000 0.100000 -0.222166
0.200000 7.000000 0.100000 -0.224985
0.600000 7.000000 0.100000 -0.226284
1.000000 7.000000 0.100000 -0.226015
1.400000 7.000000 0.100000 -0.224175
1.800000 7.000000 0.100000 -0.220807
2.200000 7.000000 0.100000 -0.216002
2.600000 7.000000 0.100000 -0.209889
3.000000 7.000000 0.100000 -0.202635
3.400000 7.000000 0.100000 -0.194435
3.800000 7.000000 0.100000 -0.185505
4.200000 7.000000 0.100000 -0.176064
4.600000 7.000000 0.100000 -0.166325
5.000000 7.000000 0.100000 -0.156486
5.400000 7.000000 0.100000 -0.146716
5.800000 7.000000 0.100000 -0.137157
6.200000 7.000000 0.100000 -0.127918
6.600000 7.000000 0.100000 -0.119079
7.000000 7.000000 0.100000 -0.110694
7.400000 7.000000 0.100000 -0.102794
7.800000 7.000000 0.100000 -0.095392
8.200000 7.000000 0.100000 -0.088489
8.600000 7.000000 0.100000 -0.082074
9.000000 7.000000 0.100000 -0.076130
9.400000 7.000000 0.100000 -0.070634
9.800000 7.000000 0.100000 -0.065560
-9.800000 7.400000 0.100000 -0.048787
-9.400000 7.400000 0.100000 -0.052138
-9.000000 7.400000 0.100000 -0.055733
-8.600000 7.400000 0.100000 -0.059583
-8.200000 7.400000 0.100000 -0.063701
-7.800000 7.400000 0.100000 -0.068096
-7.400000 7.400000 0.100000 -0.072773
-7.000000 7.400000 0.100000 -0.077738
-6.600000 7.400000 0.100000 -0.082988
-6.200000 7.400000 0.100000 -0.088519
-5.800000 7.400000 0.100000 -0.094319
-5.400000 7.400000 0.100000 -0.100370
-5.000000 7.400000 0.100000 -0.106646
-4.600000 7.400000 0.100000 -0.113114
-4.200000 7.400000 0.100000 -0.119729
-3.800000 7.400000 0.100000 -0.126442
-3.400000 7.400000 0.100000 -0.133188
-3.000000 7.400000 0.100000 -0.139894
-2.600000 7.400000 0.100000 -0.146472
-2.200000 7.400000 0.100000 -0.152822
-1.800000 7.400000 0.100000 -0.158829
-1.400000 7.400000 0.100000 -0.164369
-1.000000 7.400000 0.100000 -0.169315
-0.600000 7.400000 0.100000 -0.173540
-0.200000 7.400000 0.100000 -0.176926
0.200000 7.400000 0.100000 -0.179374
0.600000 7.400000 0.100000 -0.180803
1.000000 7.400000 0.100000 -0.181162
1.400000 7.400000 0.100000 -0.180427
1.800000 7.400000 0.100000 -0.178601
2.200000 7.400000 0.100000 -0.175721
2.600000 7.400000 0.100000 -0.171851
3.000000 7.400000 0.100000 -0.167081
3.400000 7.400000 0.100000 -0.161526
3.800000 7.400000 0.100000 -0.155320
4.200000 7.400000 0.100000 -0.148608
4.600000 7.400000 0.100000 -0.141537
5.000000 7.400000 0.100000 -0.134251
5.400000 7.400000 0.100000 -0.126880
5.800000 7.400000 0.100000 -0.119541
6.200000 7.400000 0.100000 -0.112330
6.600000 7.400000 0.100000 -0.105323
7.000000 7.400000 0.100000 -0.098579
7.400000 7.400000 0.100000 -0.092139
7.800000 7.400000 0.100000 -0.086030
8.200000 7.400000 0.100000 -0.080266
8.600000 7.400000 0.100000 -0.074851
9.000000 7.400000 0.100000 -0.069783
9.400000 7.400000 0.100000 -0.065053
9.800000 7.400000 0.100000 -0.060650
-9.800000 7.800000 0.100000 -0.044271
-9.400000 7.800000 0.100000 -0.047094
-9.000000 7.800000 0.100000 -0.050096
-8.600000 7.800000 0.100000 -0.053283
-8.200000 7.800000 0.100000 -0.056657
-7.800000 7.800000 0.100000 -0.060222
-7.400000 7.800000 0.100000 -0.063977
-7.000000 7.800000 0.100000 -0.067918
-6.600000 7.800000 0.100000 -0.072039
-6.200000 7.800000 0.100000 -0.076331
-5.800000 7.800000 0.100000 -0.080781
-5.400000 7.800000 0.100000 -0.085370
-5.000000 7.800000 0.100000 -0.090080
-4.600000 7.800000 0.100000 -0.094884
-4.200000 7.800000 0.100000 -0.099755
-3.800000 7.800000 0.100000 -0.104662
-3.400000 7.800000 0.100000 -0.109567
-3.000000 7.800000 0.100000 -0.114427
-2.600000 7.800000 0.100000 -0.119195
-2.200000 7.800000 0.100000 -0.123810
-1.800000 7.800000 0.100000 -0.128207
-1.400000 7.800000 0.100000 -0.132311
-1.000000 7.800000 0.100000 -0.136040
-0.600000 7.800000 0.100000 -0.139313
-0.200000 7.800000 0.100000 -0.142047
0.200000 7.800000 0.100000 -0.144168
0.600000 7.800000 0.100000 -0.145611
1.000000 7.800000 0.100000 -0.146325
1.400000 7.800000 0.100000 -0.146278
1.800000 7.800000 0.100000 -0.145452
2.200000 7.800000 0.100000 -0.143851
2.600000 7.800000 0.100000 -0.141500
3.000000 7.800000 0.100000 -0.138444
3.400000 7.800000 0.100000 -0.134747
3.800000 7.800000 0.100000 -0.130488
4.200000 7.800000 0.100000 -0.125761
4.600000 7.800000 0.100000 -0.120667
5.000000 7.800000 0.100000 -0.115308
5.400000 7.800000 0.100000 -0.109782
5.800000 7.800000 0.100000 -0.104181
6.200000 7.800000 0.100000 -0.098586
6.600000 7.800000 0.100000 -0.093064
7.000000 7.800000 0.100000 -0.087673
7.400000 7.800000 0.100000 -0.082455
7.800000 7.800000 0.100000 -0.077442
8.200000 7.800000 0.100000 -0.072657
8.600000 7.800000 0.100000 -0.068113
9.000000 7.800000 0.100000 -0.063817
9.400000 7.800000 0.100000 -0.059770
9.800000 7.800000 0.100000 -0.055970
-9.800000 8.200000 0.100000 -0.040095
-9.400000 8.200000 0.100000 -0.042459
-9.000000 8.200000 0.100000 -0.044951
-8.600000 8.200000 0.100000 -0.047572
-8.200000 8.200000 0.100000 -0.050321
-7.800000 8.200000 0.100000 -0.053196
-7.400000 8.200000 0.100000 -0.056192
-7.000000 8.200000 0.100000 -0.059304
-6.600000 8.200000 0.100000 -0.062522
-6.200000 8.200000 0.100000 -0.065836
-5.800000 8.200000 0.100000 -0.069235
-5.400000 8.200000 0.100000 -0.072704
-5.000000 8.200000 0.100000 -0.076229
-4.600000 8.200000 0.100000 -0.079792
-4.200000 8.200000 0.100000 -0.083378
-3.800000 8.200000 0.100000 -0.086969
-3.400000 8.200000 0.100000 -0.090545
-3.000000 8.200000 0.100000 -0.094084
-2.600000 8.200000 0.100000 -0.097562
-2.200000 8.200000 0.100000 -0.100945
-1.800000 8.200000 0.100000 -0.104198
-1.400000 8.200000 0.100000 -0.107274
-1.000000 8.200000 0.100000 -0.110125
-0.600000 8.200000 0.100000 -0.112695
-0.200000 8.200000 0.100000 -0.114926
0.200000 8.200000 0.100000 -0.116764
0.600000 8.200000 0.100000 -0.118154
1.000000 8.200000 0.100000 -0.119053
1.400000 8.200000 0.100000 -0.119421
1.800000 8.200000 0.100000 -0.119233
2.200000 8.200000 0.100000 -0.118477
2.600000 8.200000 0.100000 -0.117153
3.000000 8.200000 0.100000 -0.115277
3.400000 8.200000 0.100000 -0.112883
3.800000 8.200000 0.100000 -0.110015
4.200000 8.200000 0.100000 -0.106732
4.600000 8.200000 0.100000 -0.103101
5.000000 8.200000 0.100000 -0.099193
5.400000 8.200000 0.100000 -0.095081
5.800000 8.200000 0.100000 -0.090834
6.200000 8.200000 0.100000 -0.086520
6.600000 8.200000 0.100000 -0.082194
7.000000 8.200000 0.100000 -0.077909
7.400000 8.200000 0.100000 -0.073704
7.800000 8.200000 0.100000 -0.069614
8.200000 8.200000 0.100000 -0.065664
8.600000 8.200000 0.100000 -0.061872
9.000000 8.200000 0.100000 -0.058250
9.400000 8.200000 0.100000 -0.054806
9.800000 8.200000 0.100000 -0.051544
-9.800000 8.600000 0.100000 -0.036253
-9.400000 8.600000 0.100000 -0.038221
-9.000000 8.600000 0.100000 -0.040278
-8.600000 8.600000 0.100000 -0.042421
-8.200000 8.600000 0.100000 -0.044647
-7.800000 8.600000 0.100000 -0.046951
-7.400000 8.600000 0.100000 -0.049328
-7.000000 8.600000 0.100000 -0.051771
-6.600000 8.600000 0.100000 -0.054270
-6.200000 8.600000 0.100000 -0.056816
-5.800000 8.600000 0.100000 -0.059400
-5.400000 8.600000 0.100000 -0.062012
-5.000000 8.600000 0.100000 -0.064641
-4.600000 8.600000 0.100000 -0.067278
-4.200000 8.600000 0.100000 -0.069916
-3.800000 8.600000 0.100000 -0.072545
-3.400000 8.600000 0.100000 -0.075158
-3.000000 8.600000 0.100000 -0.077747
-2.600000 8.600000 0.100000 -0.080299
-2.200000 8.600000 0.100000 -0.082801
-1.800000 8.600000 0.100000 -0.085233
-1.400000 8.600000 0.100000 -0.087568
-1.000000 8.600000 0.100000 -0.089777
-0.600000 8.600000 0.100000 -0.091821
-0.200000 8.600000 0.100000 -0.093662
0.200000 8.600000 0.100000 -0.095255
0.600000 8.600000 0.100000 -0.096560
1.000000 8.600000 0.100000 -0.097534
1.400000 8.600000 0.100000 -0.098142
1.800000 8.600000 0.100000 -0.098353
2.200000 8.600000 0.100000 -0.098147
2.600000 8.600000 0.100000 -0.097511
3.000000 8.600000 0.100000 -0.096447
3.400000 8.600000 0.100000 -0.094965
3.800000 8.600000 0.100000 -0.093090
4.200000 8.600000 0.100000 -0.090856
4.600000 8.600000 0.100000 -0.088306
5.000000 8.600000 0.100000 -0.085488
5.400000 8.600000 0.100000 -0.082456
5.800000 8.600000 0.100000 -0.079262
6.200000 8.600000 0.100000 -0.075958
6.600000 8.600000 0.100000 -0.072591
7.000000 8.600000 0.100000 -0.069205
7.400000 8.600000 0.100000 -0.065836
7.800000 8.600000 0.100000 -0.062517
8.200000 8.600000 0.100000 -0.059273
8.600000 8.600000 0.100000 -0.056125
9.000000 8.600000 0.100000 -0.053087
9.400000 8.600000 0.100000 -0.050171
9.800000 8.600000 0.100000 -0.047384
-9.800000 9.000000 0.100000 -0.032733
-9.400000 9.000000 0.100000 -0.034362
-9.000000 9.000000 0.100000 -0.036049
-8.600000 9.000000 0.100000 -0.037791
-8.200000 9.000000 0.100000 -0.039582
-7.800000 9.000000 0.100000 -0.041418
-7.400000 9.000000 0.100000 -0.043292
-7.000000 9.000000 0.100000 -0.045198
-6.600000 9.000000 0.100000 -0.047127
-6.200000 9.000000 0.100000 -0.049072
-5.800000 9.000000 0.100000 -0.051026
-5.400000 9.000000 0.100000 -0.052982
-5.000000 9.000000 0.100000 -0.054935
-4.600000 9.000000 0.100000 -0.056881
-4.200000 9.000000 0.100000 -0.058817
-3.800000 9.000000 0.100000 -0.060742
-3.400000 9.000000 0.100000 -0.062655
-3.000000 9.000000 0.100000 -0.064555
-2.600000 9.000000 0.100000 -0.066441
-2.200000 9.000000 0.100000 -0.068307
-1.800000 9.000000 0.100000 -0.070144
-1.400000 9.000000 0.100000 -0.071939
-1.000000 9.000000 0.100000 -0.073673
-0.600000 9.000000 0.100000 -0.075321
-0.200000 9.000000 0.100000 -0.076853
0.200000 9.000000 0.100000 -0.078238
0.600000 9.000000 0.100000 -0.079440
1.000000 9.000000 0.100000 -0.080425
1.400000 9.000000 0.100000 -0.081158
1.800000 9.000000 0.100000 -0.081610
2.200000 9.000000 0.100000 -0.081756
2.600000 9.000000 0.100000 -0.081578
3.000000 9.000000 0.100000 -0.081067
3.400000 9.000000 0.100000 -0.080222
3.800000 9.000000 0.100000 -0.079054
4.200000 9.000000 0.100000 -0.077580
4.600000 9.000000 0.100000 -0.075827
5.000000 9.000000 0.100000 -0.073828
5.400000 9.000000 0.100000 -0.071619
5.800000 9.000000 0.100000 -0.069240
6.200000 9.000000 0.100000 -0.066730
6.600000 9.000000 0.100000 -0.064128
7.000000 9.000000 0.100000 -0.061470
7.400000 9.000000 0.100000 -0.058787
7.800000 9.000000 0.100000 -0.056109
8.200000 9.000000 0.100000 -0.053460
8.600000 9.000000 0.100000 -0.050859
9.000000 9.000000 0.100000 -0.048324
9.400000 9.000000 0.100000 -0.045866
9.800000 9.000000 0.100000 -0.043496
-9.800000 9.400000 0.100000 -0.029521
-9.400000 9.400000 0.100000 -0.030861
-9.000000 9.400000 0.100000 -0.032237
-8.600000 9.400000 0.100000 -0.033643
-8.200000 9.400000 0.100000 -0.035075
-7.800000 9.400000 0.100000 -0.036528
-7.400000 9.400000 0.100000 -0.037995
-7.000000 9.400000 0.100000 -0.039471
-6.600000 9.400000 0.100000 -0.040950
-6.200000 9.400000 0.100000 -0.042425
-5.800000 9.400000 0.100000 -0.043893
-5.400000 9.400000 0.100000 -0.045349
-5.000000 9.400000 0.100000 -0.046792
-4.600000 9.400000 0.100000 -0.048221
-4.200000 9.400000 0.100000 -0.049638
-3.800000 9.400000 0.100000 -0.051045
-3.400000 9.400000 0.100000 -0.052447
-3.000000 9.400000 0.100000 -0.053847
-2.600000 9.400000 0.100000 -0.055249
-2.200000 9.400000 0.100000 -0.056653
-1.800000 9.400000 0.100000 -0.058056
-1.400000 9.400000 0.100000 -0.059453
-1.000000 9.400000 0.100000 -0.060832
-0.600000 9.400000 0.100000 -0.062175
-0.200000 9.400000 0.100000 -0.063463
0.200000 9.400000 0.100000 -0.064669
0.600000 9.400000 0.100000 -0.065765
1.000000 9.400000 0.100000 -0.066722
1.400000 9.400000 0.100000 -0.067509
1.800000 9.400000 0.100000 -0.068097
2.200000 9.400000 0.100000 -0.068462
2.600000 9.400000 0.100000 -0.068582
3.000000 9.400000 0.100000 -0.068445
3.400000 9.400000 0.100000 -0.068042
3.800000 9.400000 0.100000 -0.067374
4.200000 9.400000 0.100000 -0.066450
4.600000 9.400000 0.100000 -0.065284
5.000000 9.400000 0.100000 -0.063897
5.400000 9.400000 0.100000 -0.062315
5.800000 9.400000 0.100000 -0.060565
6.200000 9.400000 0.100000 -0.058678
6.600000 9.400000 0.100000 -0.056685
7.000000 9.400000 0.100000 -0.054613
7.400000 9.400000 0.100000 -0.052490
7.800000 9.400000 0.100000 -0.050342
8.200000 9.400000 0.100000 -0.048190
8.600000 9.400000 0.100000 -0.046053
9.000000 9.400000 0.100000 -0.043947
9.400000 9.400000 0.100000 -0.041886
9.800000 9.400000 0.100000 -0.039880
-9.800000 9.800000 0.100000 -0.026599
-9.400000 9.800000 0.100000 -0.027695
-9.000000 9.800000 0.100000 -0.028808
-8.600000 9.800000 0.100000 -0.029936
-8.200000 9.800000 0.100000 -0.031072
-7.800000 9.800000 0.100000 -0.032213
-7.400000 9.800000 0.100000 -0.033353
-7.000000 9.800000 0.100000 -0.034487
-6.600000 9.800000 0.100000 -0.035611
-6.200000 9.800000 0.100000 -0.036721
-5.800000 9.800000 0.100000 -0.037814
-5.400000 9.800000 0.100000 -0.038889
-5.000000 9.800000 0.100000 -0.039947
-4.600000 9.800000 0.100000 -0.040990
-4.200000 9.800000 0.100000 -0.042022
-3.800000 9.800000 0.100000 -0.043048
-3.400000 9.800000 0.100000 -0.044075
-3.000000 9.800000 0.100000 -0.045110
-2.600000 9.800000 0.100000 -0.046158
-2.200000 9.800000 0.100000 -0.047223
-1.800000 9.800000 0.100000 -0.048307
-1.400000 9.800000 0.100000 -0.049408
-1.000000 9.800000 0.100000 -0.050518
-0.600000 9.800000 0.100000 -0.051626
-0.200000 9.800000 0.100000 -0.052717
0.200000 9.800000 0.100000 -0.053770
0.600000 9.800000 0.100000 -0.054763
1.000000 9.800000 0.100000 -0.055670
1.400000 9.800000 0.100000 -0.056464
1.800000 9.800000 0.100000 -0.057120
2.200000 9.800000 0.100000 -0.057614
2.600000 9.800000 0.100000 -0.057924
3.000000 9.800000 0.100000 -0.058035
3.400000 9.800000 0.100000 -0.057935
3.800000 9.800000 0.100000 -0.057621
4.200000 9.800000 0.100000 -0.057092
4.600000 9.800000 0.100000 -0.056357
5.000000 9.800000 0.100000 -0.055427
5.400000 9.800000 0.100000 -0.054320
5.800000 9.800000 0.100000 -0.053056
6.200000 9.800000 0.100000 -0.051656
6.600000 9.800000 0.100000 -0.050144
7.000000 9.800000 0.100000 -0.048544
7.400000 9.800000 0.100000 -0.046877
7.800000 9.800000 0.100000 -0.045165
8.200000 9.800000 0.100000 -0.043427
8.600000 9.800000 0.100000 -0.041681
9.000000 9.800000 0.100000 -0.039941
9.400000 9.800000 0.100000 -0.038221
9.800000 9.800000 0.100000 -0.036530
